-0.348241 0.984129 0.000000
-1.272587 -0.534396 1.000000
-1.458148 0.523616 1.000000
-0.290477 0.430083 0.000000
-1.004109 1.181501 1.000000
1.379716 -0.059948 1.000000
1.249406 -0.524988 1.000000
-1.164325 -0.851907 1.000000
-0.093198 -1.027707 1.000000
0.054732 1.418494 1.000000
-0.561599 1.388092 1.000000
1.257937 -1.183818 1.000000
1.155466 1.423657 1.000000
1.450157 -0.632601 1.000000
0.013665 -0.852830 0.000000
1.361338 -0.017316 1.000000
-1.256319 -1.333444 1.000000
0.453623 -0.491159 0.000000
0.249820 -1.186413 1.000000
0.684858 -1.259045 1.000000
-1.364173 0.319262 1.000000
0.813938 0.104241 0.000000
-0.471627 -0.322489 0.000000
-0.865950 0.466798 0.000000
-1.002049 1.100362 1.000000
0.664799 1.438485 1.000000
0.652033 0.555797 0.000000
1.282286 0.897466 1.000000
-0.019525 -0.852361 0.000000
1.267978 -0.576347 1.000000
1.338597 1.192932 1.000000
-0.532466 0.895710 0.000000
0.126202 0.502909 0.000000
1.261832 1.202039 1.000000
-0.166060 -0.006370 0.000000
1.309603 -1.320882 1.000000
0.507462 0.468069 0.000000
0.228439 -1.177012 1.000000
-1.134888 1.415761 1.000000
0.661376 -0.966810 1.000000
0.008524 -0.289180 0.000000
-1.186046 -0.064918 1.000000
-0.750085 -0.308745 0.000000
0.859052 -0.759919 1.000000
-1.335037 -0.653641 1.000000
0.448535 1.025013 0.000000
-0.650162 0.095828 0.000000
-0.744887 -1.395345 1.000000
1.353163 0.892085 1.000000
-1.036438 -0.210134 1.000000
-1.166898 0.688975 1.000000
1.267920 0.572125 1.000000
1.113960 -0.459524 1.000000
0.760654 1.020893 0.000000
-0.659700 -1.374565 1.000000
1.242111 -0.290837 1.000000
1.410902 -0.826975 1.000000
0.044245 0.417697 0.000000
1.078895 -0.402293 1.000000
-1.180413 0.093348 1.000000
-0.247588 0.228458 0.000000
0.385269 -0.606470 0.000000
-0.105237 0.199453 0.000000
-0.869317 -0.046835 0.000000
-0.973807 -0.687273 1.000000
0.466335 -0.871273 1.000000
1.264382 -0.116536 1.000000
-0.020041 0.110731 0.000000
1.218075 -0.007960 1.000000
-1.436305 0.160554 1.000000
0.680146 -0.709490 1.000000
0.431420 0.928616 0.000000
-1.323007 0.101165 1.000000
0.123211 -1.040068 1.000000
-1.238055 -0.092037 1.000000
1.261175 1.127440 1.000000
1.210388 -1.376398 1.000000
-0.725265 0.095371 0.000000
1.462829 -0.392877 1.000000
-1.327455 -0.587628 1.000000
0.259957 -0.335578 0.000000
0.164584 -0.470278 0.000000
0.615826 -0.450703 0.000000
-0.559042 -1.240767 1.000000
0.145785 1.489399 1.000000
0.157230 1.087580 0.000000
0.299975 -0.632288 0.000000
-0.621307 -0.484914 0.000000
0.009389 -0.208485 0.000000
-1.468030 1.440347 1.000000
0.774938 -1.451315 1.000000
1.466852 0.311124 1.000000
1.084733 -0.542597 1.000000
-0.165550 -0.479603 0.000000
0.861405 -0.173462 0.000000
-1.495352 0.671929 1.000000
1.002839 0.498877 0.000000
0.179309 -0.035892 0.000000
0.719365 1.289584 1.000000
-0.960538 0.808700 0.000000
1.119070 -0.863091 1.000000
0.715441 -1.086555 1.000000
-0.463170 -0.403037 0.000000
0.539260 0.889366 0.000000
-0.033266 0.514051 0.000000
0.723633 -0.556415 1.000000
0.446856 0.296321 0.000000
0.647526 0.134134 0.000000
0.635779 -0.455859 0.000000
-0.122595 -1.194182 1.000000
1.152086 0.194662 1.000000
0.987366 -0.329300 1.000000
-0.365588 -0.967594 1.000000
-0.618839 -0.327982 0.000000
-0.451868 -1.033501 1.000000
1.109737 -1.104743 1.000000
-0.717838 -0.278475 0.000000
1.388302 1.443465 1.000000
-0.331009 0.482446 0.000000
0.685914 -0.635719 1.000000
1.211514 -0.816297 1.000000
0.855846 0.642524 0.000000
0.721384 0.754225 0.000000
1.461869 -0.507859 1.000000
0.474720 -0.562586 0.000000
-0.643934 -1.213232 1.000000
-1.349531 -1.013282 1.000000
0.905664 0.628165 0.000000
-1.252213 -1.379328 1.000000
-1.003807 -0.290251 1.000000
-0.598245 -1.447078 1.000000
0.326946 -1.457867 1.000000
0.549178 -1.010492 1.000000
-0.596180 -0.690648 1.000000
-1.364159 -1.122342 1.000000
-0.978599 0.723739 0.000000
-0.726274 -0.837379 1.000000
-0.578100 -0.001813 0.000000
1.365385 0.850053 1.000000
0.169974 1.466065 1.000000
-1.340707 -0.392280 1.000000
1.136212 0.810466 1.000000
-0.555740 0.723858 0.000000
0.920469 1.156062 1.000000
1.092916 1.088858 1.000000
-0.774051 -0.657872 1.000000
-1.438233 -0.419016 1.000000
-1.040953 -0.818700 1.000000
0.332458 -0.035076 0.000000
1.322320 0.648100 1.000000
1.347486 0.518402 1.000000
1.301313 -0.883421 1.000000
-0.644464 0.110546 0.000000
0.505597 0.287816 0.000000
-0.017036 -1.302547 1.000000
-0.182679 0.679372 0.000000
-0.911604 -0.262128 1.000000
1.033944 -1.360500 1.000000
0.098591 0.818087 0.000000
-1.081826 -0.177401 1.000000
-0.634916 0.698323 0.000000
-1.365451 -0.464396 1.000000
-0.440734 -1.091063 1.000000
0.894442 1.268016 1.000000
0.284511 -0.065055 0.000000
-0.083619 -0.771555 0.000000
-0.656971 0.198502 0.000000
1.358292 -1.200159 1.000000
0.202818 -0.357536 0.000000
0.476603 -0.239083 0.000000
0.105693 0.958655 0.000000
0.076518 0.814647 0.000000
-0.992835 1.138063 1.000000
0.205368 0.358443 0.000000
-0.492211 0.855978 0.000000
1.424434 0.732921 1.000000
-0.260991 -1.175788 1.000000
-1.376399 0.543423 1.000000
1.379006 -1.159702 1.000000
0.774863 1.368487 1.000000
0.916131 1.105032 1.000000
-0.464121 -0.116972 0.000000
1.147974 -0.901298 1.000000
-0.947781 0.076224 0.000000
-0.225024 0.105757 0.000000
-0.022444 1.241800 1.000000
0.146529 -1.240707 1.000000
0.473440 1.094850 0.000000
-1.228489 0.284663 1.000000
-1.418310 -1.122736 1.000000
-0.986246 -0.769902 1.000000
-1.245470 -1.210902 1.000000
-0.183719 0.677638 0.000000
1.038450 -0.232089 1.000000
-0.513871 -1.006149 1.000000
1.146903 1.428027 1.000000
-1.191391 1.006780 1.000000
-1.165685 -1.439643 1.000000
-1.240342 0.444802 1.000000
-1.111907 -1.235000 1.000000
0.988269 -1.059845 1.000000
-1.206303 0.110891 1.000000
0.984095 -1.190648 1.000000
-1.431117 -0.353805 1.000000
1.137645 -0.721610 1.000000
0.378513 -0.610886 0.000000
-0.701863 0.970768 0.000000
-0.192774 -0.073639 0.000000
0.618647 1.352834 1.000000
-1.396891 0.054593 1.000000
1.265175 -0.964533 1.000000
-0.814639 1.324704 1.000000
-0.785042 -1.181420 1.000000
0.459344 0.340254 0.000000
0.245106 -0.235492 0.000000
1.476411 -1.169365 1.000000
-0.740850 -0.825673 1.000000
1.225556 0.382625 1.000000
-0.146209 -1.079934 1.000000
1.381411 -0.285468 1.000000
0.997743 -1.282102 1.000000
-1.328524 0.962890 1.000000
0.274308 1.129901 0.000000
-0.872105 -0.257768 1.000000
0.706094 1.410276 1.000000
0.893238 0.665055 0.000000
0.644419 -0.537805 1.000000
0.714919 -1.323679 1.000000
0.993561 -0.097383 1.000000
0.669449 -1.203358 1.000000
-1.051811 -0.397401 1.000000
0.847366 0.094075 0.000000
-1.417144 -0.600244 1.000000
0.512082 0.119088 0.000000
0.797119 -1.240049 1.000000
0.528298 1.069565 0.000000
1.305202 -0.016573 1.000000
0.153109 0.588649 0.000000
-0.387278 1.076238 0.000000
0.900121 -1.197502 1.000000
-1.145197 -0.172623 1.000000
-0.550563 1.396021 1.000000
0.061262 -0.845005 0.000000
1.087536 -1.037482 1.000000
-1.123835 -0.111285 1.000000
0.040775 0.422701 0.000000
-0.208797 0.593978 0.000000
0.402874 -0.082463 0.000000
-1.008838 -0.249623 1.000000
0.217323 -0.729109 0.000000
1.472593 1.119056 1.000000
-0.558664 -0.845676 1.000000
1.491141 -1.129690 1.000000
-0.843003 1.214807 1.000000
-0.795729 -1.129762 1.000000
-1.450071 0.691026 1.000000
-0.744448 0.955422 0.000000
0.451752 -0.217564 0.000000
-0.242866 -1.320763 1.000000
0.319014 0.458772 0.000000
0.649330 -1.274340 1.000000
1.396472 -0.717426 1.000000
-0.838018 -1.061347 1.000000
0.016790 0.316066 0.000000
0.359844 -0.303551 0.000000
0.718273 -0.818364 1.000000
-1.293342 0.159251 1.000000
-0.476911 1.124089 0.000000
1.297422 0.889514 1.000000
1.005865 0.618735 0.000000
1.123275 0.604978 0.000000
1.265193 -0.877477 1.000000
-0.130901 -1.071436 1.000000
-1.251998 -1.209116 1.000000
-0.273231 0.647513 0.000000
0.616438 0.482702 0.000000
-1.416281 -0.549614 1.000000
1.001825 1.272811 1.000000
-1.145978 -0.892528 1.000000
-0.041506 -0.083829 0.000000
0.356687 0.144764 0.000000
0.233501 -0.128511 0.000000
0.803042 1.295378 1.000000
1.101218 0.561133 0.000000
1.201051 -1.142813 1.000000
0.558052 0.735396 0.000000
0.273051 0.393442 0.000000
-0.149162 1.401214 1.000000
1.372047 0.786120 1.000000
0.840672 -1.066252 1.000000
-0.710812 -0.537377 1.000000
1.086130 -0.753813 1.000000
-0.131377 -1.181863 1.000000
0.284462 -0.340500 0.000000
0.311316 1.401575 1.000000
-0.619700 -0.645899 1.000000
0.575388 -0.292401 0.000000
0.066266 0.541614 0.000000
1.205286 1.154484 1.000000
-1.159754 -0.310902 1.000000
1.021499 -0.914711 1.000000
1.075856 0.501372 0.000000
-0.791412 -1.218472 1.000000
1.047880 -1.395266 1.000000
1.469541 1.284784 1.000000
1.397372 0.600817 1.000000
1.399865 -0.018616 1.000000
0.629879 -0.006123 0.000000
0.507003 -0.293439 0.000000
0.858760 0.277056 0.000000
1.414957 1.065052 1.000000
1.144237 0.211974 1.000000
0.939825 0.961887 0.000000
-0.850993 -0.932998 1.000000
1.198835 0.282824 1.000000
1.094463 1.060687 1.000000
-0.429833 -1.393961 1.000000
-0.408257 1.427208 1.000000
-1.011398 -1.052369 1.000000
-0.775353 -1.085854 1.000000
-1.303364 -0.571765 1.000000
-0.524154 -0.325162 0.000000
-1.446738 -0.603557 1.000000
1.383015 -0.142093 1.000000
0.441642 0.713903 0.000000
-0.999785 -0.723340 1.000000
-0.289503 -0.579937 0.000000
1.095335 0.975768 1.000000
0.295473 -0.369280 0.000000
0.514006 -1.297508 1.000000
1.438639 0.688885 1.000000
0.946112 -0.962049 1.000000
0.995674 0.273353 0.000000
1.370720 0.801702 1.000000
1.158756 1.175395 1.000000
-0.670259 -0.380644 0.000000
-0.046555 -0.487979 0.000000
-0.473486 -0.325073 0.000000
0.015018 1.332929 1.000000
-0.212899 0.008363 0.000000
1.189786 0.949794 1.000000
-0.724236 -0.682195 1.000000
0.293563 0.799292 0.000000
-0.935015 0.490510 0.000000
-1.401160 0.379702 1.000000
0.392997 -1.079617 1.000000
-0.695442 -0.088081 0.000000
0.517412 -1.340469 1.000000
-0.519579 1.347544 1.000000
-0.937399 -1.205314 1.000000
0.773685 -0.234299 0.000000
1.343172 0.071047 1.000000
-0.236784 0.276030 0.000000
0.088557 -1.343088 1.000000
0.745262 -0.988082 1.000000
0.414294 0.287461 0.000000
-0.524848 -0.313273 0.000000
-1.147681 0.053234 1.000000
-0.100554 1.299303 1.000000
-1.414060 1.063031 1.000000
-0.337268 -1.114473 1.000000
0.901765 -1.152353 1.000000
0.764980 0.267575 0.000000
0.147412 0.914518 0.000000
0.722800 0.499725 0.000000
-0.807702 -0.626298 1.000000
1.364667 0.845590 1.000000
0.175725 -1.286228 1.000000
0.721238 0.978635 0.000000
0.161284 -0.173235 0.000000
-0.143742 -0.736674 0.000000
1.055512 -1.180004 1.000000
1.395059 0.316036 1.000000
-1.334780 -0.340069 1.000000
0.232089 -0.613594 0.000000
-0.273334 -0.885239 1.000000
-1.447283 -1.191913 1.000000
-0.821866 1.358188 1.000000
-0.110388 1.459201 1.000000
1.138409 1.275353 1.000000
-0.623956 1.461417 1.000000
0.759357 0.457987 0.000000
-1.105675 -0.742646 1.000000
1.346608 -1.257538 1.000000
0.640528 -1.042440 1.000000
0.665189 -1.123452 1.000000
-0.068468 1.116934 1.000000
1.292810 1.222178 1.000000
0.230302 1.334351 1.000000
-1.094523 1.160576 1.000000
-0.848469 -1.060013 1.000000
0.194989 -1.205349 1.000000
-0.143302 1.156427 1.000000
-0.419243 0.260107 0.000000
0.945352 -0.038198 0.000000
1.256489 -1.076935 1.000000
0.241149 1.015492 0.000000
-1.005217 -0.447713 1.000000
-1.088608 -0.320442 1.000000
-1.117283 0.865374 1.000000
1.020438 0.369319 0.000000
0.684694 -1.466083 1.000000
-0.090625 -1.057077 1.000000
-1.136089 -1.177819 1.000000
-0.653368 -1.215485 1.000000
-0.714345 -0.459330 1.000000
-0.145142 -1.456509 1.000000
0.381936 0.248732 0.000000
0.195564 1.200164 1.000000
-0.974512 -0.729940 1.000000
1.374848 -0.784181 1.000000
-0.411363 0.565553 0.000000
-1.083142 -0.806273 1.000000
-0.377510 -1.247740 1.000000
1.294507 -1.262335 1.000000
-0.917688 1.050398 0.000000
1.189907 -0.338219 1.000000
-0.829841 -0.844576 1.000000
-0.584432 -0.845916 1.000000
0.234224 -1.061731 1.000000
-0.395532 -1.282988 1.000000
-1.159011 -0.074589 1.000000
-1.158991 0.761927 1.000000
1.375266 0.336755 1.000000
-0.955301 0.429697 0.000000
-1.073444 0.384715 0.000000
-0.187739 0.743507 0.000000
1.016106 -0.844825 1.000000
1.174230 0.277908 1.000000
0.311126 -0.131317 0.000000
1.474291 -0.464019 1.000000
-0.843841 0.614305 0.000000
1.338473 -0.100656 1.000000
-0.636066 1.117469 0.000000
-0.973151 -0.612320 1.000000
-1.000033 0.604821 0.000000
0.631778 0.015777 0.000000
-1.066633 0.064993 1.000000
1.418053 0.939915 1.000000
-0.608517 1.302700 1.000000
-0.421967 -0.940047 1.000000
-1.430710 0.498097 1.000000
-0.472531 1.366403 1.000000
0.630494 1.162340 0.000000
-0.850481 -1.423054 1.000000
-0.849329 -0.180768 0.000000
-0.267310 -1.431828 1.000000
-0.469038 -0.804322 1.000000
0.887935 1.156962 1.000000
0.950414 0.767767 0.000000
-0.558598 0.009558 0.000000
0.709928 -0.624461 1.000000
0.673145 -0.991304 1.000000
0.582104 1.137595 0.000000
0.700903 0.149213 0.000000
0.260263 -1.140853 1.000000
0.117998 -0.863858 0.000000
1.313408 -0.502191 1.000000
-1.396064 0.695741 1.000000
0.264497 -0.905592 1.000000
1.328833 -0.235715 1.000000
0.609387 -0.491367 0.000000
1.454557 1.288340 1.000000
-0.919806 0.834648 0.000000
-0.708371 -0.807262 1.000000
-0.871925 0.870740 0.000000
-0.021731 -0.314230 0.000000
-1.356983 -0.295600 1.000000
-1.289272 -0.502494 1.000000
-0.690145 1.147927 0.000000
-1.346147 1.391667 1.000000
1.160018 -0.864385 1.000000
1.311393 -0.334167 1.000000
-1.000479 -0.541202 1.000000
0.523069 0.901563 0.000000
-0.053873 0.184698 0.000000
1.145502 1.091841 1.000000
0.439718 0.130477 0.000000
-0.854747 -0.846815 1.000000
-0.334781 -1.380738 1.000000
1.346956 -0.314256 1.000000
-1.490255 -0.369920 1.000000
0.712252 -0.502401 1.000000
0.611591 -1.051699 1.000000
-0.992368 -1.096508 1.000000
0.174643 -0.390917 0.000000
-1.178311 -0.410856 1.000000
-1.415887 -1.202282 1.000000
-0.124377 0.337378 0.000000
0.109931 1.111288 0.000000
0.236532 -0.241737 0.000000
-0.035564 -0.360304 0.000000
-0.305975 -0.636985 0.000000
0.495527 -1.205187 1.000000
0.049106 0.075849 0.000000
1.477217 0.906229 1.000000
1.082582 0.950202 1.000000
-0.085521 -0.698713 0.000000
-0.110010 -0.397174 0.000000
-1.284840 -1.374764 1.000000
1.258213 -0.498017 1.000000
-0.746794 -0.031529 0.000000
-0.318799 -0.346127 0.000000
0.603450 -0.432986 0.000000
1.048689 0.842890 0.000000
1.158970 -0.948972 1.000000
-0.994372 0.311827 0.000000
-1.252182 -0.077625 1.000000
-0.202817 1.221574 1.000000
1.240198 -0.667500 1.000000
-1.281421 -0.900483 1.000000
-0.229421 -1.014493 1.000000
