-0.348241 0.984129 0.000000
-1.272587 -0.534396 1.000000
-1.458148 0.523616 1.000000
-0.290477 0.430083 0.000000
-1.004109 1.181501 1.000000
1.379716 -0.059948 1.000000
1.249406 -0.524988 1.000000
-1.164325 -0.851907 1.000000
-0.093198 -1.027707 1.000000
0.054732 1.418494 1.000000
-0.561599 1.388092 1.000000
1.257937 -1.183818 1.000000
1.155466 1.423657 1.000000
1.450157 -0.632601 1.000000
0.013665 -0.852830 0.000000
1.361338 -0.017316 1.000000
-1.256319 -1.333444 1.000000
0.453623 -0.491159 0.000000
0.249820 -1.186413 1.000000
0.684858 -1.259045 1.000000
-1.364173 0.319262 1.000000
0.813938 0.104241 0.000000
-0.471627 -0.322489 0.000000
-0.865950 0.466798 0.000000
-1.002049 1.100362 1.000000
0.664799 1.438485 1.000000
0.652033 0.555797 0.000000
1.282286 0.897466 1.000000
-0.019525 -0.852361 0.000000
1.267978 -0.576347 1.000000
1.338597 1.192932 1.000000
-0.532466 0.895710 0.000000
0.126202 0.502909 0.000000
1.261832 1.202039 1.000000
-0.166060 -0.006370 0.000000
1.309603 -1.320882 1.000000
0.507462 0.468069 0.000000
0.228439 -1.177012 1.000000
-1.134888 1.415761 1.000000
0.661376 -0.966810 1.000000
0.008524 -0.289180 0.000000
-1.186046 -0.064918 1.000000
-0.750085 -0.308745 0.000000
0.859052 -0.759919 1.000000
-1.335037 -0.653641 1.000000
0.448535 1.025013 0.000000
-0.650162 0.095828 0.000000
-0.744887 -1.395345 1.000000
1.353163 0.892085 1.000000
-1.036438 -0.210134 1.000000
-1.166898 0.688975 1.000000
1.267920 0.572125 1.000000
1.113960 -0.459524 1.000000
0.760654 1.020893 0.000000
-0.659700 -1.374565 1.000000
1.242111 -0.290837 1.000000
1.410902 -0.826975 1.000000
0.044245 0.417697 0.000000
1.078895 -0.402293 1.000000
-1.180413 0.093348 1.000000
-0.247588 0.228458 0.000000
0.385269 -0.606470 0.000000
-0.105237 0.199453 0.000000
-0.869317 -0.046835 0.000000
-0.973807 -0.687273 1.000000
0.466335 -0.871273 1.000000
1.264382 -0.116536 1.000000
-0.020041 0.110731 0.000000
1.218075 -0.007960 1.000000
-1.436305 0.160554 1.000000
0.680146 -0.709490 1.000000
0.431420 0.928616 0.000000
-1.323007 0.101165 1.000000
0.123211 -1.040068 1.000000
-1.238055 -0.092037 1.000000
1.261175 1.127440 1.000000
1.210388 -1.376398 1.000000
-0.725265 0.095371 0.000000
1.462829 -0.392877 1.000000
-1.327455 -0.587628 1.000000
0.259957 -0.335578 0.000000
0.164584 -0.470278 0.000000
0.615826 -0.450703 0.000000
-0.559042 -1.240767 1.000000
0.145785 1.489399 1.000000
0.157230 1.087580 0.000000
0.299975 -0.632288 0.000000
-0.621307 -0.484914 0.000000
0.009389 -0.208485 0.000000
-1.468030 1.440347 1.000000
0.774938 -1.451315 1.000000
1.466852 0.311124 1.000000
1.084733 -0.542597 1.000000
-0.165550 -0.479603 0.000000
0.861405 -0.173462 0.000000
-1.495352 0.671929 1.000000
1.002839 0.498877 0.000000
0.179309 -0.035892 0.000000
0.719365 1.289584 1.000000
-0.960538 0.808700 0.000000
1.119070 -0.863091 1.000000
0.715441 -1.086555 1.000000
-0.463170 -0.403037 0.000000
0.539260 0.889366 0.000000
-0.033266 0.514051 0.000000
0.723633 -0.556415 1.000000
0.446856 0.296321 0.000000
0.647526 0.134134 0.000000
0.635779 -0.455859 0.000000
-0.122595 -1.194182 1.000000
1.152086 0.194662 1.000000
0.987366 -0.329300 1.000000
-0.365588 -0.967594 1.000000
-0.618839 -0.327982 0.000000
-0.451868 -1.033501 1.000000
1.109737 -1.104743 1.000000
-0.717838 -0.278475 0.000000
1.388302 1.443465 1.000000
-0.331009 0.482446 0.000000
0.685914 -0.635719 1.000000
1.211514 -0.816297 1.000000
0.855846 0.642524 0.000000
0.721384 0.754225 0.000000
1.461869 -0.507859 1.000000
0.474720 -0.562586 0.000000
-0.643934 -1.213232 1.000000
-1.349531 -1.013282 1.000000
0.905664 0.628165 0.000000
-1.252213 -1.379328 1.000000
-1.003807 -0.290251 1.000000
-0.598245 -1.447078 1.000000
0.326946 -1.457867 1.000000
0.549178 -1.010492 1.000000
-0.596180 -0.690648 1.000000
-1.364159 -1.122342 1.000000
-0.978599 0.723739 0.000000
-0.726274 -0.837379 1.000000
-0.578100 -0.001813 0.000000
1.365385 0.850053 1.000000
0.169974 1.466065 1.000000
-1.340707 -0.392280 1.000000
1.136212 0.810466 1.000000
-0.555740 0.723858 0.000000
0.920469 1.156062 1.000000
1.092916 1.088858 1.000000
-0.774051 -0.657872 1.000000
-1.438233 -0.419016 1.000000
-1.040953 -0.818700 1.000000
0.332458 -0.035076 0.000000
1.322320 0.648100 1.000000
1.347486 0.518402 1.000000
1.301313 -0.883421 1.000000
-0.644464 0.110546 0.000000
0.505597 0.287816 0.000000
-0.017036 -1.302547 1.000000
-0.182679 0.679372 0.000000
-0.911604 -0.262128 1.000000
1.033944 -1.360500 1.000000
0.098591 0.818087 0.000000
-1.081826 -0.177401 1.000000
-0.634916 0.698323 0.000000
-1.365451 -0.464396 1.000000
-0.440734 -1.091063 1.000000
0.894442 1.268016 1.000000
0.284511 -0.065055 0.000000
-0.083619 -0.771555 0.000000
-0.656971 0.198502 0.000000
1.358292 -1.200159 1.000000
0.202818 -0.357536 0.000000
0.476603 -0.239083 0.000000
0.105693 0.958655 0.000000
0.076518 0.814647 0.000000
-0.992835 1.138063 1.000000
0.205368 0.358443 0.000000
-0.492211 0.855978 0.000000
1.424434 0.732921 1.000000
-0.260991 -1.175788 1.000000
-1.376399 0.543423 1.000000
1.379006 -1.159702 1.000000
0.774863 1.368487 1.000000
0.916131 1.105032 1.000000
-0.464121 -0.116972 0.000000
1.147974 -0.901298 1.000000
-0.947781 0.076224 0.000000
-0.225024 0.105757 0.000000
-0.022444 1.241800 1.000000
0.146529 -1.240707 1.000000
0.473440 1.094850 0.000000
-1.228489 0.284663 1.000000
-1.418310 -1.122736 1.000000
-0.986246 -0.769902 1.000000
-1.245470 -1.210902 1.000000
-0.183719 0.677638 0.000000
1.038450 -0.232089 1.000000
-0.513871 -1.006149 1.000000
1.146903 1.428027 1.000000
-1.191391 1.006780 1.000000
-1.165685 -1.439643 1.000000
-1.240342 0.444802 1.000000
-1.111907 -1.235000 1.000000
0.988269 -1.059845 1.000000
-1.206303 0.110891 1.000000
0.984095 -1.190648 1.000000
-1.431117 -0.353805 1.000000
1.137645 -0.721610 1.000000
0.378513 -0.610886 0.000000
-0.701863 0.970768 0.000000
-0.192774 -0.073639 0.000000
0.618647 1.352834 1.000000
-1.396891 0.054593 1.000000
1.265175 -0.964533 1.000000
-0.814639 1.324704 1.000000
-0.785042 -1.181420 1.000000
0.459344 0.340254 0.000000
0.245106 -0.235492 0.000000
1.476411 -1.169365 1.000000
-0.740850 -0.825673 1.000000
1.225556 0.382625 1.000000
-0.146209 -1.079934 1.000000
1.381411 -0.285468 1.000000
0.997743 -1.282102 1.000000
-1.328524 0.962890 1.000000
0.274308 1.129901 0.000000
-0.872105 -0.257768 1.000000
0.706094 1.410276 1.000000
0.893238 0.665055 0.000000
0.644419 -0.537805 1.000000
0.714919 -1.323679 1.000000
0.993561 -0.097383 1.000000
0.669449 -1.203358 1.000000
-1.051811 -0.397401 1.000000
0.847366 0.094075 0.000000
-1.417144 -0.600244 1.000000
0.512082 0.119088 0.000000
0.797119 -1.240049 1.000000
0.528298 1.069565 0.000000
1.305202 -0.016573 1.000000
0.153109 0.588649 0.000000
-0.387278 1.076238 0.000000
0.900121 -1.197502 1.000000
-1.145197 -0.172623 1.000000
-0.550563 1.396021 1.000000
0.061262 -0.845005 0.000000
1.087536 -1.037482 1.000000
-1.123835 -0.111285 1.000000
0.040775 0.422701 0.000000
-0.208797 0.593978 0.000000
0.402874 -0.082463 0.000000
-1.008838 -0.249623 1.000000
0.217323 -0.729109 0.000000
1.472593 1.119056 1.000000
-0.558664 -0.845676 1.000000
1.491141 -1.129690 1.000000
-0.843003 1.214807 1.000000
-0.795729 -1.129762 1.000000
-1.450071 0.691026 1.000000
-0.744448 0.955422 0.000000
0.451752 -0.217564 0.000000
-0.242866 -1.320763 1.000000
0.319014 0.458772 0.000000
0.649330 -1.274340 1.000000
1.396472 -0.717426 1.000000
-0.838018 -1.061347 1.000000
0.016790 0.316066 0.000000
0.359844 -0.303551 0.000000
0.718273 -0.818364 1.000000
-1.293342 0.159251 1.000000
-0.476911 1.124089 0.000000
1.297422 0.889514 1.000000
1.005865 0.618735 0.000000
1.123275 0.604978 0.000000
1.265193 -0.877477 1.000000
-0.130901 -1.071436 1.000000
-1.251998 -1.209116 1.000000
-0.273231 0.647513 0.000000
0.616438 0.482702 0.000000
-1.416281 -0.549614 1.000000
1.001825 1.272811 1.000000
-1.145978 -0.892528 1.000000
-0.041506 -0.083829 0.000000
0.356687 0.144764 0.000000
0.233501 -0.128511 0.000000
0.803042 1.295378 1.000000
1.101218 0.561133 0.000000
1.201051 -1.142813 1.000000
0.558052 0.735396 0.000000
0.273051 0.393442 0.000000
-0.149162 1.401214 1.000000
1.372047 0.786120 1.000000
0.840672 -1.066252 1.000000
-0.710812 -0.537377 1.000000
1.086130 -0.753813 1.000000
-0.131377 -1.181863 1.000000
0.284462 -0.340500 0.000000
0.311316 1.401575 1.000000
-0.619700 -0.645899 1.000000
0.575388 -0.292401 0.000000
0.066266 0.541614 0.000000
1.205286 1.154484 1.000000
-1.159754 -0.310902 1.000000
1.021499 -0.914711 1.000000
1.075856 0.501372 0.000000
-0.791412 -1.218472 1.000000
1.047880 -1.395266 1.000000
1.469541 1.284784 1.000000
1.397372 0.600817 1.000000
1.399865 -0.018616 1.000000
0.629879 -0.006123 0.000000
0.507003 -0.293439 0.000000
0.858760 0.277056 0.000000
1.414957 1.065052 1.000000
1.144237 0.211974 1.000000
0.939825 0.961887 0.000000
-0.850993 -0.932998 1.000000
1.198835 0.282824 1.000000
1.094463 1.060687 1.000000
-0.429833 -1.393961 1.000000
-0.408257 1.427208 1.000000
-1.011398 -1.052369 1.000000
-0.775353 -1.085854 1.000000
-1.303364 -0.571765 1.000000
-0.524154 -0.325162 0.000000
-1.446738 -0.603557 1.000000
1.383015 -0.142093 1.000000
0.441642 0.713903 0.000000
-0.999785 -0.723340 1.000000
-0.289503 -0.579937 0.000000
1.095335 0.975768 1.000000
0.295473 -0.369280 0.000000
0.514006 -1.297508 1.000000
1.438639 0.688885 1.000000
0.946112 -0.962049 1.000000
0.995674 0.273353 0.000000
1.370720 0.801702 1.000000
1.158756 1.175395 1.000000
-0.670259 -0.380644 0.000000
-0.046555 -0.487979 0.000000
-0.473486 -0.325073 0.000000
0.015018 1.332929 1.000000
-0.212899 0.008363 0.000000
1.189786 0.949794 1.000000
-0.724236 -0.682195 1.000000
0.293563 0.799292 0.000000
-0.935015 0.490510 0.000000
-1.401160 0.379702 1.000000
0.392997 -1.079617 1.000000
-0.695442 -0.088081 0.000000
0.517412 -1.340469 1.000000
-0.519579 1.347544 1.000000
-0.937399 -1.205314 1.000000
0.773685 -0.234299 0.000000
1.343172 0.071047 1.000000
-0.236784 0.276030 0.000000
0.088557 -1.343088 1.000000
0.745262 -0.988082 1.000000
0.414294 0.287461 0.000000
-0.524848 -0.313273 0.000000
-1.147681 0.053234 1.000000
-0.100554 1.299303 1.000000
-1.414060 1.063031 1.000000
-0.337268 -1.114473 1.000000
0.901765 -1.152353 1.000000
0.764980 0.267575 0.000000
0.147412 0.914518 0.000000
0.722800 0.499725 0.000000
-0.807702 -0.626298 1.000000
1.364667 0.845590 1.000000
0.175725 -1.286228 1.000000
0.721238 0.978635 0.000000
0.161284 -0.173235 0.000000
-0.143742 -0.736674 0.000000
1.055512 -1.180004 1.000000
1.395059 0.316036 1.000000
-1.334780 -0.340069 1.000000
0.232089 -0.613594 0.000000
-0.273334 -0.885239 1.000000
-1.447283 -1.191913 1.000000
-0.821866 1.358188 1.000000
-0.110388 1.459201 1.000000
1.138409 1.275353 1.000000
-0.623956 1.461417 1.000000
0.759357 0.457987 0.000000
-1.105675 -0.742646 1.000000
1.346608 -1.257538 1.000000
0.640528 -1.042440 1.000000
0.665189 -1.123452 1.000000
-0.068468 1.116934 1.000000
1.292810 1.222178 1.000000
0.230302 1.334351 1.000000
-1.094523 1.160576 1.000000
-0.848469 -1.060013 1.000000
0.194989 -1.205349 1.000000
-0.143302 1.156427 1.000000
-0.419243 0.260107 0.000000
0.945352 -0.038198 0.000000
1.256489 -1.076935 1.000000
0.241149 1.015492 0.000000
-1.005217 -0.447713 1.000000
-1.088608 -0.320442 1.000000
-1.117283 0.865374 1.000000
1.020438 0.369319 0.000000
0.684694 -1.466083 1.000000
-0.090625 -1.057077 1.000000
-1.136089 -1.177819 1.000000
-0.653368 -1.215485 1.000000
-0.714345 -0.459330 1.000000
-0.145142 -1.456509 1.000000
0.381936 0.248732 0.000000
0.195564 1.200164 1.000000
-0.974512 -0.729940 1.000000
1.374848 -0.784181 1.000000
-0.411363 0.565553 0.000000
-1.083142 -0.806273 1.000000
-0.377510 -1.247740 1.000000
1.294507 -1.262335 1.000000
-0.917688 1.050398 0.000000
1.189907 -0.338219 1.000000
-0.829841 -0.844576 1.000000
-0.584432 -0.845916 1.000000
0.234224 -1.061731 1.000000
-0.395532 -1.282988 1.000000
-1.159011 -0.074589 1.000000
-1.158991 0.761927 1.000000
1.375266 0.336755 1.000000
-0.955301 0.429697 0.000000
-1.073444 0.384715 0.000000
-0.187739 0.743507 0.000000
1.016106 -0.844825 1.000000
1.174230 0.277908 1.000000
0.311126 -0.131317 0.000000
1.474291 -0.464019 1.000000
-0.843841 0.614305 0.000000
1.338473 -0.100656 1.000000
-0.636066 1.117469 0.000000
-0.973151 -0.612320 1.000000
-1.000033 0.604821 0.000000
0.631778 0.015777 0.000000
-1.066633 0.064993 1.000000
1.418053 0.939915 1.000000
-0.608517 1.302700 1.000000
-0.421967 -0.940047 1.000000
-1.430710 0.498097 1.000000
-0.472531 1.366403 1.000000
0.630494 1.162340 0.000000
-0.850481 -1.423054 1.000000
-0.849329 -0.180768 0.000000
-0.267310 -1.431828 1.000000
-0.469038 -0.804322 1.000000
0.887935 1.156962 1.000000
0.950414 0.767767 0.000000
-0.558598 0.009558 0.000000
0.709928 -0.624461 1.000000
0.673145 -0.991304 1.000000
0.582104 1.137595 0.000000
0.700903 0.149213 0.000000
0.260263 -1.140853 1.000000
0.117998 -0.863858 0.000000
1.313408 -0.502191 1.000000
-1.396064 0.695741 1.000000
0.264497 -0.905592 1.000000
1.328833 -0.235715 1.000000
0.609387 -0.491367 0.000000
1.454557 1.288340 1.000000
-0.919806 0.834648 0.000000
-0.708371 -0.807262 1.000000
-0.871925 0.870740 0.000000
-0.021731 -0.314230 0.000000
-1.356983 -0.295600 1.000000
-1.289272 -0.502494 1.000000
-0.690145 1.147927 0.000000
-1.346147 1.391667 1.000000
1.160018 -0.864385 1.000000
1.311393 -0.334167 1.000000
-1.000479 -0.541202 1.000000
0.523069 0.901563 0.000000
-0.053873 0.184698 0.000000
1.145502 1.091841 1.000000
0.439718 0.130477 0.000000
-0.854747 -0.846815 1.000000
-0.334781 -1.380738 1.000000
1.346956 -0.314256 1.000000
-1.490255 -0.369920 1.000000
0.712252 -0.502401 1.000000
0.611591 -1.051699 1.000000
-0.992368 -1.096508 1.000000
0.174643 -0.390917 0.000000
-1.178311 -0.410856 1.000000
-1.415887 -1.202282 1.000000
-0.124377 0.337378 0.000000
0.109931 1.111288 0.000000
0.236532 -0.241737 0.000000
-0.035564 -0.360304 0.000000
-0.305975 -0.636985 0.000000
0.495527 -1.205187 1.000000
0.049106 0.075849 0.000000
1.477217 0.906229 1.000000
1.082582 0.950202 1.000000
-0.085521 -0.698713 0.000000
-0.110010 -0.397174 0.000000
-1.284840 -1.374764 1.000000
1.258213 -0.498017 1.000000
-0.746794 -0.031529 0.000000
-0.318799 -0.346127 0.000000
0.603450 -0.432986 0.000000
1.048689 0.842890 0.000000
1.158970 -0.948972 1.000000
-0.994372 0.311827 0.000000
-1.252182 -0.077625 1.000000
-0.202817 1.221574 1.000000
1.240198 -0.667500 1.000000
-1.281421 -0.900483 1.000000
-0.229421 -1.014493 1.000000
0.702842 0.890175 0.000000
0.894506 -1.120465 1.000000
1.477957 0.038720 1.000000
-0.643305 -1.490465 1.000000
1.259955 -0.426937 1.000000
1.266371 -0.819350 1.000000
0.530402 -0.845395 1.000000
-0.068254 -1.072713 1.000000
1.450285 -0.982210 1.000000
-0.887229 -0.546194 1.000000
-0.574655 -0.640342 1.000000
1.496203 0.325025 1.000000
1.091278 1.229242 1.000000
0.485901 -1.349041 1.000000
1.484554 0.837524 1.000000
0.524886 -0.059293 0.000000
1.277629 1.066300 1.000000
1.470466 -1.351602 1.000000
-0.870237 -0.127436 0.000000
0.967685 -1.190932 1.000000
-1.188088 -1.169109 1.000000
0.288319 -1.083780 1.000000
-0.673780 -1.293679 1.000000
1.384246 0.009855 1.000000
0.736096 0.535711 0.000000
0.825307 -1.138557 1.000000
0.553040 1.470082 1.000000
0.579490 0.740172 0.000000
-0.406941 0.865500 0.000000
0.214488 -1.176235 1.000000
-0.884951 -0.183934 0.000000
0.838864 -1.026439 1.000000
-0.555994 1.343509 1.000000
-0.940987 0.914034 0.000000
1.031733 -0.930001 1.000000
-0.317022 0.531145 0.000000
-0.102737 -1.155428 1.000000
-0.461223 -0.599034 0.000000
-0.384954 1.344811 1.000000
-0.171919 -0.555945 0.000000
-0.802246 -0.348509 1.000000
-0.100887 0.695787 0.000000
-0.543554 -0.836133 1.000000
0.578776 -0.967308 1.000000
-0.682647 -0.964963 1.000000
0.340512 0.567147 0.000000
0.151599 0.163759 0.000000
-0.096533 -1.117971 1.000000
0.121315 -0.785487 0.000000
-1.112681 -0.684262 1.000000
1.030676 -1.400128 1.000000
0.540785 -0.381004 0.000000
0.636880 0.389717 0.000000
0.069729 0.603807 0.000000
0.182166 1.253439 1.000000
0.629798 1.137024 0.000000
-0.981683 -0.277717 1.000000
-0.086359 1.269361 1.000000
0.017548 -0.275828 0.000000
-0.250099 -0.104245 0.000000
0.520032 0.207077 0.000000
-1.223645 -0.924630 1.000000
0.541487 -0.971077 1.000000
0.081139 0.309510 0.000000
-0.174753 1.357789 1.000000
-0.537248 1.190875 0.000000
-0.684727 -1.340952 1.000000
-0.002880 1.380135 1.000000
-0.723795 -1.322095 1.000000
-0.671277 0.615759 0.000000
-0.285522 -1.330078 1.000000
0.597840 0.759001 0.000000
0.704821 -0.930053 1.000000
0.206618 0.219381 0.000000
0.413507 -1.051680 1.000000
-1.106597 -0.824680 1.000000
-0.385696 -0.388281 0.000000
-1.252684 -1.472913 1.000000
-0.690463 1.361106 1.000000
1.465335 1.494064 1.000000
-0.227997 0.264739 0.000000
-0.516173 -0.692115 1.000000
0.036146 -0.280208 0.000000
0.282589 0.706094 0.000000
1.259830 -0.732892 1.000000
-0.634475 -0.087053 0.000000
-1.175706 -1.295774 1.000000
0.865518 -0.915580 1.000000
-1.323714 -1.383801 1.000000
-0.374661 -0.022858 0.000000
0.387956 0.869852 0.000000
-1.320965 1.124823 1.000000
-0.398685 -0.142975 0.000000
1.417276 0.605057 1.000000
-0.435737 1.413877 1.000000
0.039679 -1.318760 1.000000
-0.944922 1.076805 1.000000
-1.494983 -1.030786 1.000000
-0.779165 -0.592345 1.000000
1.259178 -0.071488 1.000000
-0.680579 1.361930 1.000000
-0.813679 -0.881790 1.000000
-0.112447 -1.486247 1.000000
-1.494591 0.531214 1.000000
-0.057980 1.016043 0.000000
-0.370750 -0.783689 1.000000
0.131331 1.220863 1.000000
1.101094 0.774710 0.000000
0.626306 -0.766420 1.000000
0.571100 1.342472 1.000000
1.180225 0.676547 1.000000
0.135041 0.631004 0.000000
0.986687 0.914968 0.000000
-0.453558 0.858673 0.000000
0.610346 0.376486 0.000000
-0.170148 0.886253 0.000000
0.989601 0.966797 0.000000
1.130805 -1.437392 1.000000
0.957302 1.139247 1.000000
1.282124 -0.879129 1.000000
-0.264170 0.346764 0.000000
-0.690088 0.058949 0.000000
0.366785 -0.572686 0.000000
0.713313 -0.186159 0.000000
0.356292 -1.188812 1.000000
0.522945 0.496599 0.000000
-1.284580 0.561717 1.000000
0.442956 0.633401 0.000000
-0.443135 -0.488233 0.000000
0.690938 0.460062 0.000000
-0.640352 0.823745 0.000000
0.123256 1.014610 0.000000
-0.718879 -1.449490 1.000000
1.472861 0.107083 1.000000
1.155421 0.957929 1.000000
0.240402 0.709921 0.000000
0.431134 0.811896 0.000000
-0.298126 0.917185 0.000000
-0.857647 0.418847 0.000000
-0.451206 0.660190 0.000000
0.353060 0.601976 0.000000
-1.037340 -1.079289 1.000000
0.683453 0.144130 0.000000
0.428542 0.269089 0.000000
-0.842296 0.215857 0.000000
-0.758585 -0.917213 1.000000
1.403679 1.282935 1.000000
-0.948645 -1.147670 1.000000
0.577425 0.499291 0.000000
-0.667970 -0.066886 0.000000
0.742577 1.468196 1.000000
0.736887 0.693232 0.000000
-1.340631 -0.867157 1.000000
0.233894 -0.424510 0.000000
0.542519 -1.206704 1.000000
0.967060 -1.180290 1.000000
0.223198 -0.645347 0.000000
-0.925358 0.977247 0.000000
1.426117 0.947959 1.000000
0.513553 0.493553 0.000000
-0.831802 -0.603537 1.000000
1.451874 0.061679 1.000000
0.366225 -1.240980 1.000000
-1.201121 -0.037784 1.000000
-0.179535 1.055297 0.000000
0.091624 0.622622 0.000000
1.071902 -1.399712 1.000000
0.781139 -0.614785 1.000000
-1.310378 -0.173935 1.000000
0.624573 -0.111159 0.000000
1.193574 1.196415 1.000000
-0.589723 -1.263723 1.000000
-1.323569 0.581232 1.000000
-0.751557 -0.267999 0.000000
-0.391955 -1.437973 1.000000
-1.290061 0.870744 1.000000
-0.881897 0.896288 0.000000
-0.988309 -1.010629 1.000000
-0.208466 -0.686589 0.000000
0.729694 -1.023517 1.000000
-0.179955 1.486157 1.000000
-0.828143 1.117817 0.000000
1.455594 1.098840 1.000000
-0.469665 -1.456441 1.000000
-0.528962 -1.290599 1.000000
0.852226 -1.448770 1.000000
0.982972 -1.358669 1.000000
-1.045709 -1.371863 1.000000
-0.201342 -0.937432 1.000000
0.269849 -1.239459 1.000000
-0.024146 -1.425077 1.000000
0.446117 -0.371423 0.000000
-0.250693 -0.686861 0.000000
-0.868307 0.047591 0.000000
0.125106 1.349190 1.000000
0.651432 -1.336819 1.000000
-1.422796 -1.260125 1.000000
0.169376 0.813727 0.000000
-1.114007 0.859853 1.000000
1.417745 0.190538 1.000000
-0.775874 0.135657 0.000000
-0.272953 -0.896720 1.000000
1.208157 0.149456 1.000000
0.038026 0.000210 0.000000
1.298995 0.767618 1.000000
1.321233 -0.850177 1.000000
-0.880577 -1.458964 1.000000
0.845089 -0.500702 1.000000
1.319161 0.657735 1.000000
-0.026513 0.485207 0.000000
0.689834 -0.602212 1.000000
1.498532 -0.006315 1.000000
0.018701 -0.239230 0.000000
0.688918 -0.347353 0.000000
1.231042 0.807130 1.000000
-1.465050 1.107616 1.000000
0.495109 1.195024 0.000000
-0.278492 1.152443 0.000000
1.309007 -0.251567 1.000000
-0.638550 0.887803 0.000000
-0.789216 -0.429533 1.000000
-0.617679 0.979824 0.000000
-0.510917 -1.082932 1.000000
-0.093982 -0.352836 0.000000
0.963572 0.101493 0.000000
0.765197 -0.643352 1.000000
-0.391307 -0.834476 1.000000
1.447644 -0.571357 1.000000
-0.107379 -0.725204 0.000000
1.302349 0.071988 1.000000
0.544792 -0.054928 0.000000
-0.626178 1.485917 1.000000
-0.805469 -0.726121 1.000000
1.109134 0.755630 0.000000
-1.163930 -0.043432 1.000000
-0.220081 -0.335958 0.000000
0.502605 -1.226393 1.000000
1.210847 -0.109856 1.000000
0.467113 1.066674 0.000000
-1.283248 -1.000556 1.000000
1.268365 0.960981 1.000000
1.027826 -0.242563 1.000000
-1.256137 1.040215 1.000000
-0.408622 0.981359 0.000000
-1.025089 0.574626 0.000000
0.724449 -1.200926 1.000000
-0.422524 -0.642220 0.000000
1.314010 -0.737028 1.000000
1.074616 -0.218646 1.000000
-0.892566 -0.235614 1.000000
-0.157255 0.391380 0.000000
-0.293406 1.294191 1.000000
0.765935 -1.113343 1.000000
0.041556 -0.536703 0.000000
1.075656 1.429566 1.000000
0.845874 -0.130929 0.000000
-1.299486 -0.966019 1.000000
-1.166292 0.437514 1.000000
-0.232028 -0.201585 0.000000
1.403270 -0.921535 1.000000
1.414889 0.710010 1.000000
0.805791 1.188793 1.000000
-1.011274 -1.100074 1.000000
-1.236204 0.884379 1.000000
0.205969 0.630143 0.000000
0.943544 0.773121 0.000000
-1.457909 0.566493 1.000000
-0.972512 -0.032865 0.000000
0.315161 0.381602 0.000000
0.975852 -1.173780 1.000000
1.278813 -0.280931 1.000000
1.380130 0.188169 1.000000
-0.305713 -1.102604 1.000000
-1.350427 -0.670018 1.000000
0.881993 0.033344 0.000000
1.267898 0.915989 1.000000
0.234942 0.788646 0.000000
0.830129 0.058842 0.000000
0.110532 1.346240 1.000000
0.674470 -1.075470 1.000000
0.612795 0.976463 0.000000
-0.075321 -0.884844 0.000000
0.850102 -0.134503 0.000000
0.423816 0.077322 0.000000
-0.337468 -0.131171 0.000000
-1.358710 1.319685 1.000000
-1.153616 0.738419 1.000000
-1.033546 0.268359 0.000000
-0.944879 0.826437 0.000000
-0.832451 -0.091360 0.000000
0.418537 -0.559022 0.000000
-1.123149 -0.600862 1.000000
-0.303381 -1.313121 1.000000
-1.444241 0.683295 1.000000
0.365214 -1.430806 1.000000
-0.687729 0.900953 0.000000
0.523927 0.220452 0.000000
-1.082711 1.089807 1.000000
-0.319721 0.032118 0.000000
0.149128 -0.060291 0.000000
-0.420277 -1.458307 1.000000
0.401575 1.232680 1.000000
-1.355661 0.603730 1.000000
1.433534 -1.478655 1.000000
0.013901 -0.147159 0.000000
-0.027400 -0.301614 0.000000
-0.021289 -0.489602 0.000000
-1.293522 0.174286 1.000000
0.720386 0.892815 0.000000
1.319689 -1.437120 1.000000
0.549028 1.279240 1.000000
0.000929 0.899647 0.000000
1.357745 0.244657 1.000000
0.054029 -1.098051 1.000000
-0.583761 -0.570372 1.000000
0.763262 1.079000 0.000000
-0.546570 -0.220688 0.000000
-0.564667 -1.202719 1.000000
-0.854254 -0.788460 1.000000
0.332528 0.566839 0.000000
0.416004 -0.148600 0.000000
0.431377 0.571630 0.000000
1.223830 -0.469638 1.000000
-0.404342 -1.207893 1.000000
1.472895 -1.435733 1.000000
0.143571 -1.373394 1.000000
0.673904 1.284210 1.000000
0.359245 -0.777219 1.000000
1.427455 -1.073330 1.000000
-1.146879 -0.516926 1.000000
-1.159804 -1.121106 1.000000
1.019083 1.014562 1.000000
0.533226 1.291964 1.000000
1.449115 -1.064767 1.000000
0.635304 1.103545 0.000000
0.391241 1.112885 0.000000
-0.307078 0.655935 0.000000
-0.015421 -1.240521 1.000000
-1.248063 0.994680 1.000000
-0.028857 -0.086823 0.000000
0.288054 -0.321747 0.000000
0.066881 1.338724 1.000000
-1.005475 0.781316 0.000000
0.966592 1.141197 1.000000
-0.300013 0.380436 0.000000
1.415788 0.814862 1.000000
0.719366 0.306215 0.000000
-1.228524 -0.433570 1.000000
1.144748 0.038882 1.000000
-0.973279 -0.556197 1.000000
-1.187747 -1.356154 1.000000
-0.974007 0.086489 0.000000
0.853760 1.313528 1.000000
-0.001304 -0.115536 0.000000
1.283541 -0.956725 1.000000
-1.303575 -1.158379 1.000000
-0.187030 -0.088489 0.000000
0.215227 -0.542570 0.000000
-1.407043 0.109210 1.000000
0.658770 0.623287 0.000000
0.554985 0.987520 0.000000
1.447637 -0.949509 1.000000
-0.371288 0.411068 0.000000
0.352052 -0.994182 1.000000
0.806539 0.704894 0.000000
-0.803962 0.433730 0.000000
0.760048 -0.224618 0.000000
-0.459342 -0.773281 1.000000
-0.406373 0.629155 0.000000
-1.365165 0.157253 1.000000
-1.057338 -1.323186 1.000000
1.098789 -1.164902 1.000000
0.335997 0.932307 0.000000
-0.946619 -0.667250 1.000000
-0.431952 0.144945 0.000000
-0.267096 -0.837566 1.000000
-1.195280 0.383409 1.000000
-1.078941 1.133507 1.000000
-0.587008 0.295545 0.000000
0.450254 -1.015879 1.000000
1.295707 -0.133672 1.000000
-0.988103 -0.421304 1.000000
-0.689960 -0.160327 0.000000
-0.686481 -0.344015 0.000000
-0.049294 1.435555 1.000000
-1.137697 -0.900590 1.000000
0.017514 -1.177230 1.000000
-1.484478 1.443471 1.000000
1.398873 -0.847552 1.000000
0.827988 0.099872 0.000000
-0.463785 -0.136835 0.000000
-1.142614 0.004679 1.000000
0.304004 0.656152 0.000000
-0.041610 0.820225 0.000000
0.273245 -1.482241 1.000000
-1.325041 0.379987 1.000000
1.414006 0.824444 1.000000
-0.464902 -1.295332 1.000000
-1.459193 0.808711 1.000000
-0.303636 -0.677055 0.000000
0.078582 0.611412 0.000000
0.895910 1.434980 1.000000
-0.999963 -1.088871 1.000000
0.321717 0.556386 0.000000
0.358612 -0.109169 0.000000
-1.198289 -0.646786 1.000000
-0.458933 0.533000 0.000000
0.647621 0.614724 0.000000
-0.028280 -0.368268 0.000000
0.776384 0.838950 0.000000
0.437304 -0.889416 1.000000
0.702228 -1.447631 1.000000
-0.860487 -0.443486 1.000000
-0.902597 0.662448 0.000000
-0.769684 -0.179471 0.000000
-0.754052 0.165452 0.000000
0.899746 0.483245 0.000000
1.405009 -1.174642 1.000000
-0.567377 0.641077 0.000000
-1.362527 1.237696 1.000000
-0.127156 0.004894 0.000000
1.208214 0.432980 1.000000
0.721550 -0.088190 0.000000
-0.527294 1.178631 0.000000
-0.813013 0.155896 0.000000
-0.408872 -1.488909 1.000000
-1.255132 0.871143 1.000000
-0.035903 -1.298810 1.000000
-1.366593 -0.790384 1.000000
-1.304970 -0.944194 1.000000
0.024432 1.373983 1.000000
-0.825061 0.876976 0.000000
0.920039 0.559853 0.000000
1.200928 -1.060463 1.000000
-0.801518 -0.849965 1.000000
0.588200 -0.438322 0.000000
0.312339 -0.001441 0.000000
0.033985 1.210217 1.000000
-0.926608 -0.262556 1.000000
-1.498142 -1.314520 1.000000
-1.338415 -0.981974 1.000000
1.396410 0.066170 1.000000
0.451347 0.653415 0.000000
0.400492 1.187040 0.000000
0.177379 0.294624 0.000000
1.329713 0.331088 1.000000
-0.943520 -1.462731 1.000000
0.746207 1.493257 1.000000
-0.442312 0.262548 0.000000
-0.785795 -0.279730 0.000000
-1.052295 -0.916240 1.000000
-0.630341 -1.402337 1.000000
-0.602393 0.201752 0.000000
0.259088 0.001011 0.000000
-0.316797 -1.370759 1.000000
0.149417 -0.550077 0.000000
-0.660464 -0.231406 0.000000
0.014835 0.382207 0.000000
1.470531 -0.649831 1.000000
-1.418632 -0.179260 1.000000
0.454083 -1.083810 1.000000
-0.969141 -0.054690 0.000000
0.533069 -1.318607 1.000000
0.383665 -1.345742 1.000000
-0.336043 0.013102 0.000000
0.720297 -1.147774 1.000000
-0.450616 0.832585 0.000000
-0.233621 -1.332507 1.000000
-1.468864 -0.577571 1.000000
-0.715008 0.313698 0.000000
-0.326245 -1.332349 1.000000
1.308782 0.821587 1.000000
0.457965 0.480167 0.000000
-0.741853 0.291665 0.000000
0.862599 -0.635077 1.000000
-0.888838 -1.005439 1.000000
-0.710484 -0.568969 1.000000
1.018169 1.271206 1.000000
-0.284870 -0.209052 0.000000
-0.362528 0.926203 0.000000
-0.962135 -1.271433 1.000000
0.263509 -0.778349 0.000000
-0.571651 0.479443 0.000000
1.295175 0.896932 1.000000
1.408251 -0.550170 1.000000
-0.804832 1.180908 1.000000
1.403421 0.178933 1.000000
0.128688 0.841309 0.000000
-0.809032 -0.700238 1.000000
-0.719169 0.196638 0.000000
0.549002 0.259742 0.000000
1.206222 1.422028 1.000000
-1.334486 0.406142 1.000000
1.321116 -0.757680 1.000000
0.169034 -0.556384 0.000000
0.111802 -0.027964 0.000000
-1.486455 -0.433691 1.000000
0.726269 1.191334 0.000000
0.853805 -1.212776 1.000000
1.111265 1.008520 1.000000
-0.794587 -0.744156 1.000000
-0.451725 0.650716 0.000000
-0.989915 -1.076888 1.000000
-0.491746 1.104847 0.000000
-0.252420 -0.579912 0.000000
-1.055175 -0.591083 1.000000
-0.836953 0.471032 0.000000
0.984975 -0.659343 1.000000
-0.541730 1.390946 1.000000
1.053306 1.254516 1.000000
-1.019794 0.880148 0.000000
1.354212 -0.676490 1.000000
-1.261282 0.308444 1.000000
-0.278780 -0.313151 0.000000
0.154039 -0.277804 0.000000
-0.984579 -1.390177 1.000000
0.125771 0.980201 0.000000
-0.079412 0.620235 0.000000
-0.213559 0.349532 0.000000
-0.545801 0.580524 0.000000
0.622595 -1.463540 1.000000
-0.111257 1.483469 1.000000
1.375846 0.835991 1.000000
1.160905 0.564156 1.000000
1.062968 -0.222371 1.000000
-0.952888 0.485658 0.000000
0.636909 -0.748255 1.000000
1.146324 -0.732910 1.000000
0.869533 1.111526 0.000000
-0.122536 1.407523 1.000000
-0.199495 0.531742 0.000000
-0.260585 0.382685 0.000000
0.284746 -0.761146 0.000000
-0.695599 -0.076401 0.000000
-0.364017 0.502022 0.000000
-1.030853 0.405720 0.000000
-1.243879 0.498122 1.000000
-1.411387 0.389866 1.000000
0.119053 1.227896 1.000000
0.730747 0.151407 0.000000
-1.431325 -0.563194 1.000000
-1.014802 0.346934 0.000000
1.302074 1.228617 1.000000
-0.196831 -1.164049 1.000000
-1.180717 -0.243712 1.000000
-0.676491 -1.082751 1.000000
-0.221394 -1.090280 1.000000
-0.876979 -0.529429 1.000000
-1.192190 -0.524140 1.000000
0.467677 -1.105645 1.000000
1.411630 -0.433976 1.000000
1.102732 -0.303444 1.000000
-1.160880 1.458033 1.000000
-0.535622 0.806874 0.000000
0.498844 -0.258198 0.000000
1.401311 -1.203142 1.000000
-1.381572 -1.388619 1.000000
-1.269174 0.814082 1.000000
0.212152 0.759383 0.000000
0.543107 -1.187706 1.000000
0.598535 1.311451 1.000000
0.653451 -0.268000 0.000000
0.712939 -0.310464 0.000000
1.001236 -1.250727 1.000000
0.819978 -1.010795 1.000000
-0.694569 -0.443251 1.000000
0.597401 -1.170859 1.000000
-0.028034 1.065249 1.000000
-0.281219 -0.311243 0.000000
-0.802507 -0.625655 1.000000
0.799780 -0.409584 1.000000
1.366541 0.758013 1.000000
-0.361281 -0.972333 1.000000
0.401523 0.759621 0.000000
1.210347 -0.435143 1.000000
1.012121 0.523628 0.000000
-0.223996 0.675297 0.000000
0.236585 -0.559539 0.000000
-0.917001 0.392311 0.000000
0.496684 -1.204282 1.000000
-0.156289 -1.109447 1.000000
-1.035134 -1.343518 1.000000
-0.877884 -0.612386 1.000000
0.600872 0.305174 0.000000
-1.224663 0.606183 1.000000
-0.754106 -0.192308 0.000000
-1.295713 0.828592 1.000000
0.787515 -0.152993 0.000000
-0.199612 0.805466 0.000000
0.381994 -0.392476 0.000000
0.022800 0.632733 0.000000
1.352849 0.212823 1.000000
-0.791198 1.188856 1.000000
-1.169401 -0.724591 1.000000
0.915450 0.725218 0.000000
0.745332 1.296118 1.000000
-1.070217 -1.479269 1.000000
0.434747 -1.372557 1.000000
1.256114 -1.166911 1.000000
-1.484794 -0.343798 1.000000
1.171517 -0.113625 1.000000
0.115717 -1.317394 1.000000
0.794115 -0.874791 1.000000
-0.273606 -0.499390 0.000000
0.260052 0.557669 0.000000
1.149268 0.449645 1.000000
1.274492 0.626099 1.000000
0.415535 1.370281 1.000000
-0.518699 1.156653 0.000000
-0.994628 0.285214 0.000000
-0.496374 -0.556171 0.000000
0.294021 -0.283957 0.000000
1.254951 -1.354094 1.000000
-1.434443 1.298552 1.000000
-1.380724 1.397168 1.000000
-0.970706 0.370384 0.000000
-1.141827 0.969423 1.000000
0.317313 -1.261337 1.000000
-1.174663 0.375982 1.000000
-1.141561 1.414955 1.000000
0.409465 -0.357061 0.000000
-0.527709 -0.830470 1.000000
-0.381653 -1.008974 1.000000
0.223396 0.424466 0.000000
0.941040 -1.143131 1.000000
-1.363211 0.408628 1.000000
-0.559730 -0.624531 1.000000
0.508235 -0.293263 0.000000
1.312495 -1.490165 1.000000
-0.097193 0.644899 0.000000
-0.607422 -0.387880 0.000000
0.183404 -0.619330 0.000000
-1.169934 0.129282 1.000000
-0.805863 0.390170 0.000000
0.443719 -1.456353 1.000000
-1.160264 0.878258 1.000000
0.056257 1.485411 1.000000
-0.176937 1.087038 0.000000
0.415782 -0.727215 1.000000
-0.699558 1.384967 1.000000
1.025803 0.139466 0.000000
-1.446205 0.918915 1.000000
0.680411 0.458085 0.000000
0.900528 0.290233 0.000000
1.191711 -0.858638 1.000000
0.461271 -0.571070 0.000000
-0.731691 -0.146698 0.000000
1.430521 -0.600379 1.000000
0.505750 1.145177 0.000000
0.163505 -0.619504 0.000000
-0.156348 -0.519998 0.000000
1.207526 0.291361 1.000000
-0.792821 0.975820 0.000000
-0.482669 -0.534702 0.000000
-1.150933 1.355815 1.000000
0.777381 1.269607 1.000000
1.137640 0.237504 1.000000
-0.685382 -0.868242 1.000000
1.460063 0.592048 1.000000
1.211636 -0.511406 1.000000
0.089753 -1.401284 1.000000
-0.537769 -0.446145 0.000000
-1.319917 1.422138 1.000000
-0.854293 1.088129 0.000000
1.147713 1.123935 1.000000
-0.419395 0.908168 0.000000
-0.412468 -0.671657 0.000000
0.732998 -1.312038 1.000000
-0.948548 0.449852 0.000000
-0.054588 0.449381 0.000000
0.124457 1.364580 1.000000
-0.236360 -0.499634 0.000000
-0.821409 1.074222 0.000000
-1.187961 -1.199661 1.000000
-0.859894 -0.702449 1.000000
1.201204 1.317632 1.000000
1.212709 -1.291926 1.000000
0.183820 0.924495 0.000000
-0.520647 -0.934404 1.000000
-1.353261 0.798502 1.000000
1.023003 1.290064 1.000000
-0.713336 0.007720 0.000000
0.834553 0.462200 0.000000
1.349909 -1.476921 1.000000
0.509883 0.406217 0.000000
0.198012 0.338872 0.000000
1.481647 0.647183 1.000000
1.023135 -0.256626 1.000000
-0.863475 1.339445 1.000000
-0.452058 1.278145 1.000000
1.218438 1.292070 1.000000
-0.979471 0.562615 0.000000
1.013267 -0.016281 1.000000
0.476326 -0.345260 0.000000
-0.662562 -0.382549 0.000000
0.776229 1.063631 0.000000
-0.610093 1.020247 0.000000
-1.154938 -0.160895 1.000000
-0.289159 1.109633 0.000000
-0.876509 0.791723 0.000000
-0.419804 -0.933285 1.000000
-1.235172 -0.873205 1.000000
-1.122734 -0.790574 1.000000
0.217717 1.061653 0.000000
-0.059687 -0.946908 1.000000
-0.579325 -1.168856 1.000000
-0.083531 -0.301690 0.000000
0.615979 0.863307 0.000000
1.380643 1.183104 1.000000
-1.372076 -1.220042 1.000000
-0.743392 -0.369774 0.000000
0.474062 -0.248716 0.000000
0.215082 0.112855 0.000000
-1.071177 -0.606909 1.000000
0.594352 -0.007910 0.000000
0.754214 1.288659 1.000000
0.741309 0.405851 0.000000
-0.812066 -0.670749 1.000000
1.040030 1.486990 1.000000
-0.153806 1.351211 1.000000
0.100870 -0.434709 0.000000
-0.414126 -0.950198 1.000000
0.769733 0.659753 0.000000
-0.312086 -0.810514 1.000000
-1.448564 -0.467502 1.000000
1.367268 1.049629 1.000000
-0.948296 -1.109739 1.000000
0.656686 -0.588412 1.000000
-1.010103 -1.174506 1.000000
-0.884501 1.155300 1.000000
0.960552 -0.683976 1.000000
-0.393066 0.235888 0.000000
1.006873 -1.341929 1.000000
1.394917 -0.883930 1.000000
0.095419 -1.406930 1.000000
-1.450329 1.280008 1.000000
-0.054435 -0.426947 0.000000
-0.125661 -0.675554 0.000000
-0.023336 1.162504 1.000000
-0.630457 -1.161823 1.000000
0.265327 -1.135766 1.000000
-1.413996 0.574604 1.000000
-0.782399 0.986033 0.000000
0.175429 0.560063 0.000000
0.079628 -0.368358 0.000000
-0.538785 1.188017 0.000000
1.471939 1.197488 1.000000
0.816614 -0.521492 1.000000
-1.054965 -0.817743 1.000000
-0.901785 0.755227 0.000000
-0.580586 0.843339 0.000000
-0.249929 -0.687851 0.000000
-0.112343 -0.225907 0.000000
-0.444932 -0.009697 0.000000
1.006679 -1.140825 1.000000
0.798785 1.019863 0.000000
0.139429 0.743835 0.000000
0.368148 0.116180 0.000000
0.311409 0.560344 0.000000
-0.653880 -1.059945 1.000000
0.003965 -0.604822 0.000000
0.806517 -1.388197 1.000000
-0.762469 1.034634 0.000000
-0.408907 -0.380909 0.000000
-0.884506 -0.847841 1.000000
0.760510 -0.392682 1.000000
1.265279 -1.020104 1.000000
1.187710 -1.330560 1.000000
-1.110768 0.064970 1.000000
-0.283434 -1.325834 1.000000
0.888418 -1.259986 1.000000
1.192653 -1.101434 1.000000
0.869453 0.167451 0.000000
0.589332 1.085363 0.000000
0.071038 0.584503 0.000000
0.013283 0.854626 0.000000
-0.765148 -1.445839 1.000000
0.528592 1.495771 1.000000
0.946766 -0.343870 1.000000
1.021825 0.625648 0.000000
-0.614019 0.485984 0.000000
0.416012 -0.214172 0.000000
0.301440 0.749011 0.000000
-0.662757 0.604312 0.000000
1.058448 -1.466717 1.000000
0.103653 0.986841 0.000000
1.238621 1.455730 1.000000
-0.387840 1.139158 0.000000
-0.206459 0.171170 0.000000
-0.828869 0.636685 0.000000
0.923185 -1.386133 1.000000
-0.497656 -1.088165 1.000000
0.462258 -0.396526 0.000000
0.996370 -0.765275 1.000000
-0.159444 1.495758 1.000000
1.173848 -0.757116 1.000000
-1.211049 -1.410253 1.000000
-0.181351 -1.394077 1.000000
0.447151 -0.626854 0.000000
-0.345932 -0.879450 1.000000
-1.234174 0.727818 1.000000
1.329852 -0.397393 1.000000
1.489971 1.287971 1.000000
0.280059 -0.233878 0.000000
-0.114464 -0.914862 1.000000
1.156894 -0.431966 1.000000
1.210838 -0.362328 1.000000
-1.001765 -0.818607 1.000000
-1.124041 1.303926 1.000000
0.531804 0.372547 0.000000
1.458439 -1.470473 1.000000
-0.563514 0.126145 0.000000
-0.793619 -0.700900 1.000000
-1.426648 -0.139329 1.000000
0.772047 -0.867151 1.000000
0.772033 1.007562 0.000000
-0.977097 1.434716 1.000000
-0.536530 1.156727 0.000000
0.864000 -1.013156 1.000000
-1.095739 0.662803 0.000000
0.988013 -0.188907 1.000000
-1.153246 -1.081741 1.000000
0.579861 -1.224007 1.000000
0.732249 0.950522 0.000000
-0.878046 0.968309 0.000000
-1.484067 1.098931 1.000000
0.027813 1.138147 1.000000
-0.324017 1.181373 0.000000
0.457220 1.052440 0.000000
-0.085263 -0.709021 0.000000
-0.768064 -1.360877 1.000000
0.909453 0.854129 0.000000
-0.120448 -1.033738 1.000000
-1.459748 1.221833 1.000000
1.022644 -0.699230 1.000000
1.011208 1.318240 1.000000
1.495846 -1.304030 1.000000
0.468703 0.139698 0.000000
-0.249128 1.095895 0.000000
-0.519085 -0.508455 0.000000
0.566934 0.693722 0.000000
1.094727 -0.642578 1.000000
-1.005578 -0.211782 1.000000
-1.077983 0.196268 0.000000
-0.729676 1.258622 1.000000
1.038010 -0.540852 1.000000
0.702627 -0.469361 1.000000
-0.946936 -0.231635 1.000000
0.552416 0.209904 0.000000
-0.064332 -0.049269 0.000000
-1.186346 -1.055531 1.000000
-0.307235 1.150126 0.000000
0.398774 -1.257609 1.000000
0.560425 -0.884734 1.000000
-0.642162 0.511239 0.000000
-0.470146 0.288328 0.000000
0.546979 -0.972647 1.000000
-0.441175 1.373979 1.000000
0.158510 0.259505 0.000000
1.429261 1.361989 1.000000
0.795968 -0.390917 1.000000
-0.695291 -1.120051 1.000000
-0.273926 -1.093721 1.000000
0.425983 1.338794 1.000000
-0.622222 0.244431 0.000000
0.754720 -1.315669 1.000000
0.834185 0.598073 0.000000
-0.556575 0.105314 0.000000
1.341506 -0.168106 1.000000
-0.613736 -0.245299 0.000000
0.419368 0.722968 0.000000
-0.723295 0.678143 0.000000
1.148560 -0.372281 1.000000
0.092546 0.080165 0.000000
-0.839572 -1.328623 1.000000
0.152843 -0.665792 0.000000
-0.814561 -0.254019 0.000000
-0.863418 1.128481 0.000000
0.069676 -0.553918 0.000000
-1.164364 -0.419555 1.000000
-1.442423 -0.750759 1.000000
0.563743 1.281357 1.000000
-1.326210 -0.343647 1.000000
-1.194121 0.816805 1.000000
-0.699701 -0.841400 1.000000
1.048567 1.399561 1.000000
-0.503364 -1.092509 1.000000
1.101464 0.085798 1.000000
0.610959 -0.104536 0.000000
1.082365 -1.264083 1.000000
-0.342021 1.341089 1.000000
0.339023 0.224897 0.000000
1.251708 1.250163 1.000000
1.288149 -0.989726 1.000000
-0.696856 -1.327395 1.000000
0.046292 0.997654 0.000000
0.236616 -0.094329 0.000000
-1.276384 1.280759 1.000000
-0.676190 -0.663384 1.000000
-1.400528 -0.151866 1.000000
1.473005 0.092686 1.000000
-0.325333 -0.302899 0.000000
0.100783 0.348572 0.000000
1.411551 -1.250052 1.000000
1.467644 0.776014 1.000000
1.034398 0.970874 1.000000
0.296476 0.699390 0.000000
0.453969 0.717089 0.000000
0.190508 0.516364 0.000000
-0.296103 0.005064 0.000000
1.402082 -1.282973 1.000000
-0.190095 -0.608185 0.000000
1.478173 1.230285 1.000000
0.332517 -1.468188 1.000000
-1.218431 0.800667 1.000000
-0.092808 0.892562 0.000000
-1.451751 -1.306818 1.000000
-1.258772 0.430947 1.000000
0.632237 -1.249351 1.000000
-0.853516 0.525535 0.000000
-1.394356 0.402721 1.000000
-1.464686 0.439633 1.000000
0.769844 0.166509 0.000000
-0.710714 -0.238734 0.000000
0.660669 0.629720 0.000000
0.350553 -0.941350 1.000000
0.406305 1.489930 1.000000
0.539307 -1.039661 1.000000
-0.777237 -0.105320 0.000000
-0.285714 -0.655145 0.000000
1.074344 -0.594998 1.000000
1.200868 -1.098358 1.000000
0.550026 -0.949643 1.000000
-0.574614 -1.397598 1.000000
-0.290865 -1.012362 1.000000
1.264645 1.416242 1.000000
-1.216721 -0.550459 1.000000
-0.168198 -1.218692 1.000000
0.889677 0.368959 0.000000
-0.342004 -0.446024 0.000000
0.911381 1.439864 1.000000
-1.281392 0.475792 1.000000
-1.405085 0.217614 1.000000
0.037313 0.316182 0.000000
1.105964 0.538090 0.000000
1.135710 0.359225 1.000000
-1.218702 1.154653 1.000000
0.934876 0.643012 0.000000
-1.028446 -0.521314 1.000000
-0.370399 -0.919818 1.000000
-0.695482 1.287679 1.000000
-1.461113 0.496538 1.000000
0.473484 0.848361 0.000000
-1.061262 -0.765368 1.000000
0.862238 0.955056 0.000000
0.560995 -0.618740 1.000000
0.488467 -1.492956 1.000000
0.300525 -0.985511 1.000000
-1.240492 -0.733290 1.000000
-0.054654 0.734261 0.000000
1.391589 0.266693 1.000000
-0.495778 0.181903 0.000000
1.474556 1.206367 1.000000
-0.483081 -0.066885 0.000000
0.807272 -1.265413 1.000000
0.075241 0.216450 0.000000
-0.420942 1.481008 1.000000
0.362971 1.286943 1.000000
0.571285 0.574450 0.000000
-1.319915 -1.011256 1.000000
-0.196557 0.243285 0.000000
1.323425 0.360355 1.000000
-0.472745 -1.196582 1.000000
0.674486 -0.318936 0.000000
0.975393 -1.416632 1.000000
1.268507 0.000700 1.000000
1.486596 0.102608 1.000000
-0.266589 1.149230 0.000000
-1.231109 0.485760 1.000000
-1.163056 0.859653 1.000000
-0.066702 0.560772 0.000000
0.625858 -0.353578 0.000000
0.840517 0.535940 0.000000
1.095170 1.012584 1.000000
1.314710 0.778808 1.000000
-0.391753 -1.021270 1.000000
-0.118782 -0.227767 0.000000
-1.290325 -1.171346 1.000000
1.097115 0.917444 1.000000
-1.074102 1.089296 1.000000
-0.727668 0.273613 0.000000
-0.171717 -0.443631 0.000000
-0.224310 1.003805 0.000000
0.994915 0.973943 0.000000
-1.374962 -0.104286 1.000000
0.363657 -1.475523 1.000000
0.997894 0.180583 0.000000
0.375013 0.605848 0.000000
0.492444 -1.285866 1.000000
-0.812284 1.092932 0.000000
1.273559 -1.235254 1.000000
1.144545 0.205851 1.000000
0.018495 1.199233 1.000000
-0.629311 -1.192666 1.000000
1.487676 -1.439206 1.000000
0.075089 -1.114697 1.000000
-0.748925 1.078295 0.000000
1.056777 -0.976709 1.000000
-1.041271 -0.227883 1.000000
1.485736 1.161111 1.000000
-1.339578 0.658741 1.000000
0.301068 0.992655 0.000000
0.356254 -0.007244 0.000000
-0.599814 0.037739 0.000000
-1.462358 -0.845109 1.000000
-0.026886 1.378052 1.000000
1.171360 0.094186 1.000000
-0.174331 -0.623230 0.000000
-0.611443 -0.654214 1.000000
0.596409 1.381032 1.000000
0.784593 -0.427555 1.000000
-0.593393 0.418607 0.000000
-0.657930 -0.595353 1.000000
0.449591 1.353825 1.000000
0.355691 0.766657 0.000000
-1.284293 0.303119 1.000000
1.483481 0.313387 1.000000
-1.071793 1.432679 1.000000
-1.307869 -1.193411 1.000000
0.566796 -1.012640 1.000000
0.195648 -0.435193 0.000000
0.487944 -0.370124 0.000000
0.083448 1.365349 1.000000
1.224745 1.404672 1.000000
-0.389042 0.506066 0.000000
-0.392905 -0.446485 0.000000
1.192148 0.275169 1.000000
-0.587380 1.204421 0.000000
0.296132 0.917981 0.000000
-1.337711 -1.082564 1.000000
-1.163083 0.578565 1.000000
-0.634643 -0.081266 0.000000
-1.344566 0.248816 1.000000
1.488517 1.073364 1.000000
1.411707 1.142820 1.000000
0.965726 0.743386 0.000000
0.594449 -1.171622 1.000000
0.119836 -0.124548 0.000000
0.767820 0.450396 0.000000
-0.100390 -0.464862 0.000000
-1.412967 -0.705104 1.000000
0.265416 -0.036603 0.000000
0.650330 -0.911598 1.000000
1.131083 1.108630 1.000000
-1.412898 -0.075864 1.000000
-0.152807 -0.122796 0.000000
-0.934420 1.088805 1.000000
1.005559 1.057744 1.000000
0.790802 1.270592 1.000000
-1.139350 0.020103 1.000000
-0.632950 1.253670 1.000000
-1.258369 -0.866279 1.000000
1.073812 0.318720 0.000000
0.322347 0.556873 0.000000
0.750578 1.324283 1.000000
-0.144122 -0.636749 0.000000
-0.883233 -0.712118 1.000000
-0.974712 -0.322061 1.000000
-0.434450 -0.539001 0.000000
0.063748 -0.871259 0.000000
-1.152943 0.656351 1.000000
-0.429523 0.407809 0.000000
0.988114 1.133716 1.000000
-0.716196 -1.096125 1.000000
0.093415 0.627633 0.000000
0.911663 -1.004807 1.000000
-0.450524 0.083272 0.000000
0.226634 -1.477342 1.000000
-1.220238 -0.015810 1.000000
-0.257329 -1.278093 1.000000
0.998518 -1.377727 1.000000
-0.578232 -0.805766 1.000000
0.682897 0.522598 0.000000
-0.285526 0.394012 0.000000
-1.342372 -0.229269 1.000000
-0.653286 -0.704735 1.000000
-0.840435 -1.197120 1.000000
-0.325784 0.349695 0.000000
0.136744 0.929392 0.000000
-0.363277 1.048211 0.000000
-1.112670 -0.939244 1.000000
-0.312904 -0.753277 1.000000
0.979300 1.195708 1.000000
1.456000 0.069382 1.000000
0.269079 1.370376 1.000000
-0.670251 1.227066 1.000000
-0.820015 -1.010331 1.000000
-0.243102 0.261099 0.000000
1.186701 -1.209529 1.000000
0.558090 0.816057 0.000000
0.517959 1.267073 1.000000
-0.984086 -0.977469 1.000000
1.248273 1.499130 1.000000
-0.424740 -0.736345 1.000000
-0.393665 1.333254 1.000000
-0.299900 -0.107042 0.000000
1.114354 0.487709 0.000000
-0.325335 0.353036 0.000000
0.076415 -0.451702 0.000000
1.360128 1.363251 1.000000
0.259853 0.287313 0.000000
-0.357548 0.435262 0.000000
0.924679 1.385112 1.000000
0.019269 0.230010 0.000000
-0.000528 1.088818 1.000000
-0.544457 0.318382 0.000000
0.246534 -0.199517 0.000000
-1.323737 -0.420341 1.000000
1.318457 -0.779385 1.000000
-0.768218 -0.857126 1.000000
-0.949417 0.532016 0.000000
-0.898152 0.693885 0.000000
0.618629 -0.888377 1.000000
-0.304478 -1.306869 1.000000
-0.436556 -1.460676 1.000000
0.352335 0.820495 0.000000
0.967276 1.232245 1.000000
1.282349 0.142967 1.000000
1.488082 -1.036202 1.000000
-0.293646 0.653241 0.000000
0.316781 0.829602 0.000000
-1.431763 0.311619 1.000000
0.194946 -1.263663 1.000000
0.937666 0.859429 0.000000
-1.150169 1.020426 1.000000
-1.409628 0.575937 1.000000
0.761049 -1.342420 1.000000
-0.147076 1.273387 1.000000
0.396660 0.284017 0.000000
0.458203 -1.302440 1.000000
-0.961220 -0.035925 0.000000
0.158501 0.724343 0.000000
0.851952 0.302680 0.000000
-0.116297 -1.328872 1.000000
0.454562 0.012724 0.000000
-0.398129 0.618406 0.000000
-0.940612 -0.239519 1.000000
1.394540 1.338125 1.000000
0.797521 1.431311 1.000000
0.079197 -1.399672 1.000000
-0.949822 -0.162799 1.000000
1.155208 -0.976372 1.000000
0.698922 0.355206 0.000000
1.437349 -0.405822 1.000000
0.011850 0.878461 0.000000
0.950618 -0.259201 1.000000
0.654856 1.165856 0.000000
0.943257 -1.002967 1.000000
-0.002166 0.190796 0.000000
-0.815573 0.899312 0.000000
0.365170 -0.764343 1.000000
0.067655 -1.457553 1.000000
0.168841 -1.230663 1.000000
0.773385 1.435715 1.000000
-0.767618 0.282322 0.000000
0.849388 -0.094839 0.000000
-0.532228 1.230180 0.000000
-0.878009 -1.078341 1.000000
-0.972704 -0.564220 1.000000
-0.749207 -1.461809 1.000000
0.913797 0.458130 0.000000
-1.320248 1.197114 1.000000
1.428981 1.413176 1.000000
-0.694764 0.920199 0.000000
-1.445413 0.418033 1.000000
-1.097370 0.398154 0.000000
1.431521 -0.954629 1.000000
0.620615 1.142320 0.000000
-1.473147 -0.816763 1.000000
-1.137597 -0.611328 1.000000
-0.061350 -0.235701 0.000000
0.569283 -1.329423 1.000000
0.687094 -0.779450 1.000000
0.390663 1.423210 1.000000
-1.306649 -0.113265 1.000000
1.495842 0.175692 1.000000
0.195688 1.014038 0.000000
-1.148993 1.226089 1.000000
-1.154539 0.459130 1.000000
-1.226787 0.446563 1.000000
-1.102110 -1.361001 1.000000
0.634602 -1.461594 1.000000
-0.601130 -1.387523 1.000000
0.729006 1.154976 0.000000
-0.408749 0.620873 0.000000
-0.878043 1.399321 1.000000
-0.956762 -1.290345 1.000000
-0.044622 1.069475 1.000000
-0.291156 -0.421526 0.000000
0.023564 0.505014 0.000000
0.117644 1.048625 0.000000
-0.369749 -1.225307 1.000000
-0.048628 -1.325791 1.000000
-0.983085 -0.969135 1.000000
-0.557886 -0.701439 1.000000
-1.067433 0.393064 0.000000
1.050875 -1.225654 1.000000
1.456667 0.530806 1.000000
-1.211877 -1.198139 1.000000
-1.006625 0.808958 0.000000
-0.898580 0.335700 0.000000
-0.742049 0.849766 0.000000
0.636747 0.663996 0.000000
1.400496 -0.501633 1.000000
1.082055 -0.688173 1.000000
-0.864430 -0.444007 1.000000
-0.300295 -0.990092 1.000000
-0.687795 -0.961602 1.000000
-1.021513 0.290925 0.000000
-0.492223 -0.234767 0.000000
-0.127791 -1.498189 1.000000
-0.929163 -0.751164 1.000000
1.097171 1.309896 1.000000
1.417851 0.025034 1.000000
1.010243 -0.945847 1.000000
0.635887 -0.051170 0.000000
0.385241 0.135246 0.000000
-0.657196 0.099620 0.000000
-0.067607 0.734965 0.000000
0.262009 -0.428349 0.000000
-1.346931 -1.461552 1.000000
0.570110 -0.216247 0.000000
-0.505646 1.192337 0.000000
0.004255 -0.376670 0.000000
-0.281746 -0.406635 0.000000
1.350267 -1.384740 1.000000
1.448356 0.339531 1.000000
-0.701887 0.751605 0.000000
0.331032 0.473652 0.000000
1.072881 0.148695 1.000000
1.184235 0.714537 1.000000
-0.340399 1.014410 0.000000
-0.446945 0.891264 0.000000
0.898682 0.049630 0.000000
1.440673 -0.605363 1.000000
-0.524298 -1.476552 1.000000
1.126239 0.262403 1.000000
-0.661855 -0.128044 0.000000
0.126529 0.216677 0.000000
0.960641 0.846412 0.000000
-0.412738 0.465001 0.000000
-1.329598 1.433333 1.000000
-0.592265 1.440751 1.000000
-0.135429 1.274151 1.000000
0.415708 0.450698 0.000000
0.183009 -0.850158 1.000000
1.254573 1.061353 1.000000
1.100484 1.244439 1.000000
-0.667544 0.310424 0.000000
0.903418 -0.606517 1.000000
-1.428979 0.781056 1.000000
-0.539079 0.561543 0.000000
0.064401 0.326901 0.000000
-1.185829 1.159072 1.000000
1.109508 -0.953269 1.000000
1.339045 0.520631 1.000000
-1.276063 0.858242 1.000000
0.609522 0.368657 0.000000
-0.505455 1.330687 1.000000
0.770625 -0.089449 0.000000
-1.129685 0.189806 1.000000
0.481915 1.217759 0.000000
0.341613 0.514470 0.000000
0.548279 -0.549303 0.000000
-1.368566 -0.202536 1.000000
-0.867471 -1.191311 1.000000
1.174133 0.969644 1.000000
1.107866 -0.894580 1.000000
-0.018703 0.341751 0.000000
0.465879 -0.145805 0.000000
-0.341375 0.241418 0.000000
-1.199810 0.492483 1.000000
-0.704356 -0.942328 1.000000
-0.788709 -1.492917 1.000000
0.132267 0.987813 0.000000
0.986845 1.475199 1.000000
0.969671 1.272927 1.000000
-0.517031 1.123144 0.000000
-1.142963 -0.253039 1.000000
1.049134 -1.125968 1.000000
-0.174775 0.028940 0.000000
-1.442620 -1.226091 1.000000
1.347492 0.830592 1.000000
0.781807 -0.465126 1.000000
0.419173 0.030906 0.000000
1.337189 0.309927 1.000000
1.499012 1.444314 1.000000
-0.820730 0.259331 0.000000
-0.312476 -0.451760 0.000000
-0.500752 -1.419216 1.000000
-0.203909 -0.465655 0.000000
0.289844 0.318891 0.000000
-0.270037 0.552254 0.000000
0.185137 -1.067312 1.000000
1.304215 -0.303205 1.000000
-1.455438 0.482775 1.000000
0.650740 -1.482463 1.000000
-1.069359 1.314039 1.000000
-1.174598 0.559339 1.000000
-0.148542 -0.459618 0.000000
0.925045 0.262447 0.000000
0.538453 0.446415 0.000000
1.271153 -0.819922 1.000000
-1.166093 -1.284303 1.000000
-0.458748 1.196877 0.000000
-0.090865 0.002951 0.000000
-0.326176 0.242769 0.000000
0.457395 0.839239 0.000000
0.843617 0.190727 0.000000
0.297120 1.293303 1.000000
-0.687082 0.664722 0.000000
-0.157561 -1.205929 1.000000
0.931865 1.205662 1.000000
1.240147 0.727122 1.000000
0.162977 0.036340 0.000000
-0.917009 1.122440 1.000000
0.970307 0.996899 0.000000
-0.470132 0.146419 0.000000
0.918451 0.183891 0.000000
0.507581 1.251798 1.000000
-0.697691 1.481540 1.000000
-0.235483 -0.487421 0.000000
-0.901109 0.194451 0.000000
-1.205472 0.215948 1.000000
-1.108445 0.454496 0.000000
0.293118 1.387487 1.000000
0.038432 0.857945 0.000000
0.439207 0.087224 0.000000
-0.410882 0.849815 0.000000
-0.833037 -0.521152 1.000000
-0.637882 -0.233986 0.000000
0.926112 0.437783 0.000000
-0.137335 1.271319 1.000000
1.100535 -1.185700 1.000000
-0.003220 0.404614 0.000000
-0.591422 0.296876 0.000000
1.370109 -0.986452 1.000000
0.150836 -1.225659 1.000000
-1.071846 1.293918 1.000000
0.595163 -0.080269 0.000000
-0.126971 -0.323145 0.000000
0.858083 -1.450299 1.000000
0.869176 -0.831519 1.000000
-0.116061 -0.145013 0.000000
0.399534 -0.985223 1.000000
0.025710 -0.132993 0.000000
1.003412 -0.225666 1.000000
-0.775048 -0.381329 1.000000
-0.785134 0.553592 0.000000
0.536893 1.466772 1.000000
0.321302 1.131591 0.000000
-1.193797 0.535694 1.000000
-0.580410 1.035903 0.000000
-0.117445 1.443193 1.000000
-0.751347 1.183769 0.000000
1.214311 0.670836 1.000000
-0.545140 0.849787 0.000000
1.009714 1.458254 1.000000
-0.341828 0.433739 0.000000
1.175487 -1.418894 1.000000
-1.213800 0.329041 1.000000
1.283114 1.012326 1.000000
-1.061268 0.864700 0.000000
1.431700 -0.767833 1.000000
1.050777 1.329280 1.000000
0.246694 -0.015526 0.000000
0.291117 -0.270985 0.000000
1.075141 -0.010592 1.000000
-0.819886 0.478209 0.000000
0.211179 -0.916728 1.000000
0.236934 0.222960 0.000000
-0.060087 0.546571 0.000000
-0.346804 0.796010 0.000000
-0.535639 1.275272 1.000000
-1.017077 -0.097133 1.000000
1.021787 -0.316231 1.000000
-1.255435 -0.906425 1.000000
-0.507109 -0.180529 0.000000
-0.383564 1.410416 1.000000
-0.818885 -0.073869 0.000000
-1.074275 -0.302242 1.000000
0.660776 -0.129464 0.000000
1.143683 -0.944996 1.000000
1.236172 -1.051134 1.000000
-1.073130 0.711075 0.000000
-1.361773 -0.721144 1.000000
0.585495 1.339208 1.000000
-0.203892 0.947898 0.000000
-0.231326 -0.156972 0.000000
0.055153 1.401768 1.000000
0.241171 -0.937355 1.000000
-0.737919 0.448283 0.000000
0.990094 0.657057 0.000000
-0.265049 -1.299681 1.000000
-0.077670 -1.103174 1.000000
-0.799664 -0.832756 1.000000
-0.639389 -0.033936 0.000000
-0.438991 0.599615 0.000000
-0.915400 -0.818594 1.000000
0.626249 0.959747 0.000000
0.879631 -0.026086 0.000000
1.351215 -0.100675 1.000000
1.484157 -0.425285 1.000000
0.312077 -1.293905 1.000000
0.153935 0.233141 0.000000
0.630836 -0.379943 0.000000
1.225195 1.248561 1.000000
-0.770423 -0.922996 1.000000
0.225436 1.462430 1.000000
0.766490 0.794989 0.000000
-0.085352 -0.241619 0.000000
0.270231 -0.029386 0.000000
1.445689 -0.272131 1.000000
0.125358 -0.531716 0.000000
1.079958 0.319705 0.000000
-1.294763 -0.876929 1.000000
0.911805 -0.554936 1.000000
-1.165623 -0.191392 1.000000
-0.413999 0.620613 0.000000
0.163496 -1.047864 1.000000
1.250736 -0.399324 1.000000
0.293851 -0.949333 1.000000
1.069768 -0.509368 1.000000
1.462106 1.117838 1.000000
1.059952 -0.519681 1.000000
1.387453 0.719779 1.000000
-0.872314 1.050631 0.000000
-1.360784 0.172235 1.000000
-0.613060 -1.450532 1.000000
-1.100317 0.026130 1.000000
-0.637368 1.105949 0.000000
0.750546 0.369041 0.000000
-0.723260 1.168879 0.000000
1.298610 -0.124391 1.000000
0.767793 -0.452860 1.000000
1.490760 -0.535066 1.000000
0.534967 0.317069 0.000000
-0.954887 0.627589 0.000000
-0.899198 -0.265053 1.000000
-0.250407 1.048544 0.000000
-0.782706 -1.264958 1.000000
-0.499064 -0.951715 1.000000
0.394791 0.551695 0.000000
0.445922 -0.884362 1.000000
0.857435 -1.061171 1.000000
0.550609 -0.166810 0.000000
-0.055653 1.195147 1.000000
0.759842 -0.664912 1.000000
-1.130049 1.447600 1.000000
0.895024 -0.529131 1.000000
0.426776 -0.069102 0.000000
0.599933 0.957700 0.000000
-1.315801 -0.069295 1.000000
-0.289544 -1.363308 1.000000
-0.584116 -1.464185 1.000000
-0.841082 0.136573 0.000000
-0.009956 -0.764897 0.000000
1.034175 -1.287311 1.000000
0.563961 0.464354 0.000000
-0.331842 -0.964694 1.000000
-0.192296 -1.006047 1.000000
-0.346239 0.872849 0.000000
0.032431 -0.854388 0.000000
0.333703 -0.017690 0.000000
-0.010025 -0.760869 0.000000
1.006694 -0.439431 1.000000
-0.186018 1.012804 0.000000
0.953864 0.947858 0.000000
0.822847 -0.035222 0.000000
-0.067672 0.539434 0.000000
1.233080 0.501534 1.000000
-0.314003 0.112013 0.000000
-1.488085 1.200775 1.000000
-1.151322 -1.190638 1.000000
0.571174 0.508086 0.000000
0.711083 -0.167862 0.000000
0.538856 0.328245 0.000000
-0.455333 0.708940 0.000000
-0.363386 -1.207276 1.000000
-1.242511 -1.009523 1.000000
-1.184939 0.249665 1.000000
1.185141 1.247309 1.000000
0.438785 -0.830382 1.000000
0.940022 1.479340 1.000000
-0.086462 -0.725651 0.000000
-0.819483 1.060565 0.000000
-1.402634 1.474929 1.000000
0.823291 0.714057 0.000000
-1.229539 1.401032 1.000000
1.207231 -0.411995 1.000000
-0.324460 -0.217081 0.000000
0.618552 -0.445379 0.000000
0.634843 -0.563829 1.000000
0.620809 0.128741 0.000000
0.361920 -0.953832 1.000000
-1.208335 -0.541924 1.000000
-1.482072 1.387391 1.000000
-0.257568 -0.546909 0.000000
0.167384 -0.617593 0.000000
0.295022 1.226059 1.000000
-0.948964 0.087679 0.000000
-0.154499 1.051224 0.000000
-1.400814 0.301526 1.000000
-1.375893 -0.010459 1.000000
-0.539819 -0.315639 0.000000
-0.485551 -0.239038 0.000000
1.060177 1.337872 1.000000
1.295672 0.346143 1.000000
-0.249885 0.061897 0.000000
-0.244715 -0.119624 0.000000
0.803445 -0.029651 0.000000
-0.749132 1.242942 1.000000
1.196680 1.290719 1.000000
-1.143769 -1.283198 1.000000
0.884307 -1.086077 1.000000
1.127249 -0.433800 1.000000
0.005717 1.403139 1.000000
1.303560 -1.184142 1.000000
0.890049 1.322810 1.000000
1.175951 -1.242105 1.000000
-1.269472 0.038077 1.000000
0.052791 1.161416 1.000000
1.037683 0.784517 0.000000
-0.011187 0.121896 0.000000
0.420966 1.180548 0.000000
-0.444559 -0.903619 1.000000
