-0.348241 0.984129 0.000000
-1.272587 -0.534396 1.000000
-1.458148 0.523616 1.000000
-0.290477 0.430083 0.000000
-1.004109 1.181501 1.000000
1.379716 -0.059948 1.000000
1.249406 -0.524988 1.000000
-1.164325 -0.851907 1.000000
-0.093198 -1.027707 1.000000
0.054732 1.418494 1.000000
-0.561599 1.388092 1.000000
1.257937 -1.183818 1.000000
1.155466 1.423657 1.000000
1.450157 -0.632601 1.000000
0.013665 -0.852830 0.000000
1.361338 -0.017316 1.000000
-1.256319 -1.333444 1.000000
0.453623 -0.491159 0.000000
0.249820 -1.186413 1.000000
0.684858 -1.259045 1.000000
-1.364173 0.319262 1.000000
0.813938 0.104241 0.000000
-0.471627 -0.322489 0.000000
-0.865950 0.466798 0.000000
-1.002049 1.100362 1.000000
0.664799 1.438485 1.000000
0.652033 0.555797 0.000000
1.282286 0.897466 1.000000
-0.019525 -0.852361 0.000000
1.267978 -0.576347 1.000000
1.338597 1.192932 1.000000
-0.532466 0.895710 0.000000
