-0.348241 0.984129 0.000000
-1.272587 -0.534396 1.000000
-1.458148 0.523616 1.000000
-0.290477 0.430083 0.000000
-1.004109 1.181501 1.000000
1.379716 -0.059948 1.000000
1.249406 -0.524988 1.000000
-1.164325 -0.851907 1.000000
-0.093198 -1.027707 1.000000
0.054732 1.418494 1.000000
-0.561599 1.388092 1.000000
1.257937 -1.183818 1.000000
1.155466 1.423657 1.000000
1.450157 -0.632601 1.000000
0.013665 -0.852830 0.000000
1.361338 -0.017316 1.000000
-1.256319 -1.333444 1.000000
0.453623 -0.491159 0.000000
0.249820 -1.186413 1.000000
0.684858 -1.259045 1.000000
-1.364173 0.319262 1.000000
0.813938 0.104241 0.000000
-0.471627 -0.322489 0.000000
-0.865950 0.466798 0.000000
-1.002049 1.100362 1.000000
0.664799 1.438485 1.000000
0.652033 0.555797 0.000000
1.282286 0.897466 1.000000
-0.019525 -0.852361 0.000000
1.267978 -0.576347 1.000000
1.338597 1.192932 1.000000
-0.532466 0.895710 0.000000
0.126202 0.502909 0.000000
1.261832 1.202039 1.000000
-0.166060 -0.006370 0.000000
1.309603 -1.320882 1.000000
0.507462 0.468069 0.000000
0.228439 -1.177012 1.000000
-1.134888 1.415761 1.000000
0.661376 -0.966810 1.000000
0.008524 -0.289180 0.000000
-1.186046 -0.064918 1.000000
-0.750085 -0.308745 0.000000
0.859052 -0.759919 1.000000
-1.335037 -0.653641 1.000000
0.448535 1.025013 0.000000
-0.650162 0.095828 0.000000
-0.744887 -1.395345 1.000000
1.353163 0.892085 1.000000
-1.036438 -0.210134 1.000000
-1.166898 0.688975 1.000000
1.267920 0.572125 1.000000
1.113960 -0.459524 1.000000
0.760654 1.020893 0.000000
-0.659700 -1.374565 1.000000
1.242111 -0.290837 1.000000
1.410902 -0.826975 1.000000
0.044245 0.417697 0.000000
1.078895 -0.402293 1.000000
-1.180413 0.093348 1.000000
-0.247588 0.228458 0.000000
0.385269 -0.606470 0.000000
-0.105237 0.199453 0.000000
-0.869317 -0.046835 0.000000
-0.973807 -0.687273 1.000000
0.466335 -0.871273 1.000000
1.264382 -0.116536 1.000000
-0.020041 0.110731 0.000000
1.218075 -0.007960 1.000000
-1.436305 0.160554 1.000000
0.680146 -0.709490 1.000000
0.431420 0.928616 0.000000
-1.323007 0.101165 1.000000
0.123211 -1.040068 1.000000
-1.238055 -0.092037 1.000000
1.261175 1.127440 1.000000
1.210388 -1.376398 1.000000
-0.725265 0.095371 0.000000
1.462829 -0.392877 1.000000
-1.327455 -0.587628 1.000000
0.259957 -0.335578 0.000000
0.164584 -0.470278 0.000000
0.615826 -0.450703 0.000000
-0.559042 -1.240767 1.000000
0.145785 1.489399 1.000000
0.157230 1.087580 0.000000
0.299975 -0.632288 0.000000
-0.621307 -0.484914 0.000000
0.009389 -0.208485 0.000000
-1.468030 1.440347 1.000000
0.774938 -1.451315 1.000000
1.466852 0.311124 1.000000
1.084733 -0.542597 1.000000
-0.165550 -0.479603 0.000000
0.861405 -0.173462 0.000000
-1.495352 0.671929 1.000000
1.002839 0.498877 0.000000
0.179309 -0.035892 0.000000
0.719365 1.289584 1.000000
-0.960538 0.808700 0.000000
1.119070 -0.863091 1.000000
0.715441 -1.086555 1.000000
-0.463170 -0.403037 0.000000
0.539260 0.889366 0.000000
-0.033266 0.514051 0.000000
0.723633 -0.556415 1.000000
0.446856 0.296321 0.000000
0.647526 0.134134 0.000000
0.635779 -0.455859 0.000000
-0.122595 -1.194182 1.000000
1.152086 0.194662 1.000000
0.987366 -0.329300 1.000000
-0.365588 -0.967594 1.000000
-0.618839 -0.327982 0.000000
-0.451868 -1.033501 1.000000
1.109737 -1.104743 1.000000
-0.717838 -0.278475 0.000000
1.388302 1.443465 1.000000
-0.331009 0.482446 0.000000
0.685914 -0.635719 1.000000
1.211514 -0.816297 1.000000
0.855846 0.642524 0.000000
0.721384 0.754225 0.000000
1.461869 -0.507859 1.000000
0.474720 -0.562586 0.000000
-0.643934 -1.213232 1.000000
-1.349531 -1.013282 1.000000
0.905664 0.628165 0.000000
